League,team,date,min,role,name,hero,win,kills,deaths,assists,goldEarned,totalMinionsKilled,neutralMinionsKilled,neutralMinionsKilledTeamJungle,neutralMinionsKilledEnemyJungle,totalDamageDealtToChampions,physicalDamageDealtToChampions,magicDamageDealtToChampions,totalHeal,totalDamageTaken,physicalDamageTaken,magicalDamageTaken,wardsPlaced,wardsKilled,visionWardsBoughtInGame
LEC,G2,2021-03-05,28.616666666666667,Top,Wunder,14,1,2,0,5,11192,240,17,7,1,9685,5994,3691,2300,19401,13104,3867,9,4,1
LEC,G2,2021-03-05,28.616666666666667,Jungle,Jankos,76,1,3,2,4,11133,33,179,115,13,8521,730,7357,20012,27236,17696,8001,9,26,7
LEC,G2,2021-03-05,28.616666666666667,Mid,Caps,236,1,7,0,4,14882,249,12,8,1,18204,17335,869,1120,13175,8136,4694,10,2,2
LEC,G2,2021-03-05,28.616666666666667,Bot,Rekkles,202,1,1,0,9,12147,287,17,6,10,9554,9053,501,2733,6735,4826,1648,8,10,3
LEC,G2,2021-03-05,28.616666666666667,Support,Mikyx,89,1,1,2,7,7211,41,0,0,0,2779,623,1676,61,12915,7018,4826,46,13,15
LEC,RGE,2021-03-05,28.616666666666667,Top,Odoamne,150,0,0,2,0,10044,267,8,4,0,11229,9412,1816,4383,15837,11778,3948,12,3,3
LEC,RGE,2021-03-05,28.616666666666667,Jungle,Inspired,876,0,2,3,2,9399,31,169,118,13,9159,45,6362,13802,30194,23911,6044,23,11,5
LEC,RGE,2021-03-05,28.616666666666667,Mid,Larssen,268,0,0,5,1,10160,255,16,12,4,7728,1041,6274,934,15925,12291,3204,11,4,2
LEC,RGE,2021-03-05,28.616666666666667,Bot,Hans,51,0,2,1,1,11490,268,13,9,1,10376,9792,584,2694,9200,6963,2102,11,6,2
LEC,RGE,2021-03-05,28.616666666666667,Support,Trymbi,25,0,0,3,2,5950,15,0,0,0,5044,275,4289,2743,9419,7393,2025,48,10,15
