League,team,date,min,role,name,hero,win,kills,deaths,assists,goldEarned,totalMinionsKilled,neutralMinionsKilled,neutralMinionsKilledTeamJungle,neutralMinionsKilledEnemyJungle,totalDamageDealtToChampions,physicalDamageDealtToChampions,magicDamageDealtToChampions,totalHeal,totalDamageTaken,physicalDamageTaken,magicalDamageTaken,wardsPlaced,wardsKilled,visionWardsBoughtInGame
LEC,XL,2021-02-19,29.766666666666666,Top,Kryze,58,0,1,2,3,10156,228,8,5,0,11302,10253,1048,5531,21648,11732,9702,14,4,6
LEC,XL,2021-02-19,29.766666666666666,Jungle,Dan,876,0,1,2,2,9209,29,146,87,21,7352,73,4945,13210,23161,15986,6951,10,2,8
LEC,XL,2021-02-19,29.766666666666666,Mid,Czekolad,134,0,3,5,0,10900,237,9,5,4,12369,299,12042,1111,12935,5233,7429,14,4,7
LEC,XL,2021-02-19,29.766666666666666,Bot,Patrik,429,0,3,6,2,11336,229,13,12,0,12289,10931,1093,2666,15580,9874,5063,18,8,4
LEC,XL,2021-02-19,29.766666666666666,Support,Tore,59,0,0,9,7,6237,13,2,2,0,6163,2770,2249,1366,15296,7138,7836,36,12,9
LEC,MAD,2021-02-19,29.766666666666666,Top,Armut,79,1,3,0,3,10904,208,4,0,1,12232,2082,10150,13333,20244,16271,3358,12,3,2
LEC,MAD,2021-02-19,29.766666666666666,Jungle,Elyoya,141,1,12,3,5,14209,47,178,97,39,16685,13756,2195,14879,27002,19774,6326,10,13,10
LEC,MAD,2021-02-19,29.766666666666666,Mid,Humanoid,61,1,2,2,10,13708,254,41,25,3,9807,453,9329,401,9783,5973,3236,13,7,2
LEC,MAD,2021-02-19,29.766666666666666,Bot,Carzzy,145,1,4,2,11,12712,223,22,13,2,14525,9237,5123,5192,15319,9645,5385,13,6,4
LEC,MAD,2021-02-19,29.766666666666666,Support,Kaiser,12,1,3,1,17,8888,32,0,0,0,7883,881,6249,9629,15126,6778,6957,44,9,13
