League,team,date,min,role,name,hero,win,kills,deaths,assists,goldEarned,totalMinionsKilled,neutralMinionsKilled,neutralMinionsKilledTeamJungle,neutralMinionsKilledEnemyJungle,totalDamageDealtToChampions,physicalDamageDealtToChampions,magicDamageDealtToChampions,totalHeal,totalDamageTaken,physicalDamageTaken,magicalDamageTaken,wardsPlaced,wardsKilled,visionWardsBoughtInGame
LCK,T1,2021-02-06,24.483333333333334,Top,Zeus,126,1,1,2,9,11249,179,38,19,8,17960,15719,2241,2141,10340,6425,3518,12,7,5
LCK,T1,2021-02-06,24.483333333333334,Jungle,Ellim,163,1,6,0,8,10962,29,158,92,15,12333,605,10916,9546,14416,9713,4702,13,9,11
LCK,T1,2021-02-06,24.483333333333334,Mid,Faker,875,1,5,0,9,11425,205,0,0,0,7861,4839,1463,3810,16411,9474,6366,13,3,9
LCK,T1,2021-02-06,24.483333333333334,Bot,Gumayusi,523,1,6,0,7,12434,220,14,8,6,15562,13444,331,3082,5233,3856,1066,12,9,6
LCK,T1,2021-02-06,24.483333333333334,Support,Keria,412,1,1,0,12,7062,31,0,0,0,4420,1077,3343,1693,6348,3705,2454,37,7,14
LCK,BRO,2021-02-06,24.483333333333334,Top,Hoya,14,0,0,4,1,6783,169,0,0,0,6772,4601,2171,437,22952,15107,6113,11,8,6
LCK,BRO,2021-02-06,24.483333333333334,Jungle,UmTi,77,0,1,2,0,7057,16,119,95,2,3801,1424,2021,9807,22065,15306,6142,10,6,9
LCK,BRO,2021-02-06,24.483333333333334,Mid,Chieftain,134,0,1,4,0,7798,196,6,6,0,8864,1370,7493,262,9378,5886,2692,11,5,3
LCK,BRO,2021-02-06,24.483333333333334,Bot,Hena,145,0,0,4,2,7668,180,10,8,0,6938,4878,1352,1132,9658,6195,2882,7,7,0
LCK,BRO,2021-02-06,24.483333333333334,Support,Delight,526,0,0,5,1,4837,32,0,0,0,2934,167,2365,424,10532,7773,2328,35,9,14
