League,team,date,min,role,name,hero,win,kills,deaths,assists,goldEarned,totalMinionsKilled,neutralMinionsKilled,neutralMinionsKilledTeamJungle,neutralMinionsKilledEnemyJungle,totalDamageDealtToChampions,physicalDamageDealtToChampions,magicDamageDealtToChampions,totalHeal,totalDamageTaken,physicalDamageTaken,magicalDamageTaken,wardsPlaced,wardsKilled,visionWardsBoughtInGame
LCK,GEN,2021-01-13,36.28333333333333,Top,Rascal,164,1,10,1,3,18392,283,52,14,20,22267,14077,823,14604,29270,19590,9358,11,24,8
LCK,GEN,2021-01-13,36.28333333333333,Jungle,Clid,163,1,2,3,8,13397,51,222,128,26,13311,424,12356,10777,20097,11006,8942,43,27,12
LCK,GEN,2021-01-13,36.28333333333333,Mid,Bdd,777,1,2,1,8,15015,290,29,16,8,13189,6894,4303,8351,22769,11781,10146,19,17,14
LCK,GEN,2021-01-13,36.28333333333333,Bot,Ruler,202,1,4,1,6,17486,376,26,17,4,12991,10581,2335,3464,10025,4870,5047,19,11,11
LCK,GEN,2021-01-13,36.28333333333333,Support,Life,875,1,1,2,7,8791,56,0,0,0,3264,2242,11,1571,12200,4912,6920,67,28,20
LCK,KT,2021-01-13,36.28333333333333,Top,Doran,150,0,0,7,1,10577,250,0,0,0,11097,8096,3000,3349,22514,14509,4299,22,7,11
LCK,KT,2021-01-13,36.28333333333333,Jungle,Bonnie,76,0,1,2,4,11226,48,156,117,3,9577,622,8592,17740,27841,20718,5147,52,39,15
LCK,KT,2021-01-13,36.28333333333333,Mid,Ucal,61,0,3,3,3,15239,360,13,8,0,20469,1259,19210,1084,14173,8768,4216,15,11,5
LCK,KT,2021-01-13,36.28333333333333,Bot,HyBriD,145,0,3,3,2,16352,357,42,36,0,10980,7242,2852,4620,17441,12870,3176,31,18,5
LCK,KT,2021-01-13,36.28333333333333,Support,Zzus,12,0,1,4,5,7630,35,0,0,0,3666,288,2838,4117,15262,6948,5604,75,13,26
