League,team,date,min,role,name,hero,win,kills,deaths,assists,goldEarned,totalMinionsKilled,neutralMinionsKilled,neutralMinionsKilledTeamJungle,neutralMinionsKilledEnemyJungle,totalDamageDealtToChampions,physicalDamageDealtToChampions,magicDamageDealtToChampions,totalHeal,totalDamageTaken,physicalDamageTaken,magicalDamageTaken,wardsPlaced,wardsKilled,visionWardsBoughtInGame
LEC,FNC,2021-02-26,28.933333333333334,Top,Bwipo,79,1,3,2,1,11652,211,24,5,19,12551,574,11976,7763,15247,9540,5203,14,3,6
LEC,FNC,2021-02-26,28.933333333333334,Jungle,Selfmade,104,1,4,2,2,12354,45,196,92,42,8206,6025,1650,7387,15797,12217,3298,4,12,5
LEC,FNC,2021-02-26,28.933333333333334,Mid,Nisqy,13,1,1,1,4,14005,272,50,21,19,11444,517,10927,5752,12792,9374,3315,18,6,10
LEC,FNC,2021-02-26,28.933333333333334,Bot,Upset,145,1,2,0,5,11707,230,16,8,4,13130,9013,3817,4060,11947,9520,2095,10,6,3
LEC,FNC,2021-02-26,28.933333333333334,Support,Hylissang,526,1,0,7,7,7059,29,0,0,0,6183,632,4722,1387,15649,11591,3483,39,10,11
LEC,AST,2021-02-26,28.933333333333334,Top,WhiteKnight,98,0,2,0,9,9730,207,4,4,0,6820,3433,3040,2105,12572,5603,6818,15,5,6
LEC,AST,2021-02-26,28.933333333333334,Jungle,Zanzarah,120,0,2,2,6,8344,17,118,76,13,5627,4357,775,16975,32852,19598,12434,9,5,8
LEC,AST,2021-02-26,28.933333333333334,Mid,MagiFelix,147,0,1,1,7,10588,245,9,8,0,6946,946,5999,6643,8801,6093,2339,10,5,2
LEC,AST,2021-02-26,28.933333333333334,Bot,Jeskla,51,0,6,3,5,12315,256,10,8,0,22756,20725,1611,5622,11658,5360,6208,13,12,4
LEC,AST,2021-02-26,28.933333333333334,Support,promisq,25,0,1,4,9,6581,14,0,0,0,4785,343,3910,3218,12832,4441,8160,42,10,13
