League,team,date,min,role,name,hero,win,kills,deaths,assists,goldEarned,totalMinionsKilled,neutralMinionsKilled,neutralMinionsKilledTeamJungle,neutralMinionsKilledEnemyJungle,totalDamageDealtToChampions,physicalDamageDealtToChampions,magicDamageDealtToChampions,totalHeal,totalDamageTaken,physicalDamageTaken,magicalDamageTaken,wardsPlaced,wardsKilled,visionWardsBoughtInGame
LCS,CLG,2021-02-07,45.63333333333333,Top,Finn,164,0,3,4,2,17560,310,26,14,5,10365,7411,528,14506,36509,21900,13764,18,10,3
LCS,CLG,2021-02-07,45.63333333333333,Jungle,Griffin,77,0,1,2,7,14441,51,209,121,27,8320,2292,5128,31308,54318,33437,15988,17,21,16
LCS,CLG,2021-02-07,45.63333333333333,Mid,rjs,142,0,4,2,5,15157,285,32,28,0,31360,1002,28376,3516,16493,6626,8017,21,7,4
LCS,CLG,2021-02-07,45.63333333333333,Bot,WildTurtle,523,0,2,2,3,20142,405,87,38,26,26730,23035,540,5733,14364,9543,3533,16,18,5
LCS,CLG,2021-02-07,45.63333333333333,Support,Smoothie,412,0,0,4,8,8554,27,0,0,0,2999,240,2077,3080,16320,12119,3033,85,7,26
LCS,TSM,2021-02-07,45.63333333333333,Top,Huni,117,1,2,2,11,13438,199,0,0,0,12282,1613,9706,9361,11493,7257,4080,19,5,5
LCS,TSM,2021-02-07,45.63333333333333,Jungle,Spica,2,1,3,1,4,14804,60,184,117,21,14441,8974,365,31955,49307,32857,13191,19,29,18
LCS,TSM,2021-02-07,45.63333333333333,Mid,PowerOfEvil,268,1,2,3,5,20237,422,28,25,0,25262,1683,22039,4584,18600,10431,6479,17,11,5
LCS,TSM,2021-02-07,45.63333333333333,Bot,Lost,498,1,7,1,6,23489,452,28,8,4,39670,32637,5375,7865,17804,9253,7731,19,15,5
LCS,TSM,2021-02-07,45.63333333333333,Support,SwordArt,89,1,0,3,11,10859,53,0,0,0,3800,497,2521,5524,20946,8000,9724,80,22,26
