League,team,date,min,role,name,hero,win,kills,deaths,assists,goldEarned,totalMinionsKilled,neutralMinionsKilled,neutralMinionsKilledTeamJungle,neutralMinionsKilledEnemyJungle,totalDamageDealtToChampions,physicalDamageDealtToChampions,magicDamageDealtToChampions,totalHeal,totalDamageTaken,physicalDamageTaken,magicalDamageTaken,wardsPlaced,wardsKilled,visionWardsBoughtInGame
LCK,GEN,2021-02-03,32.483333333333334,Top,Rascal,58,0,2,2,0,13291,292,39,21,4,10502,9545,957,8785,21681,14253,6061,10,5,6
LCK,GEN,2021-02-03,32.483333333333334,Jungle,Clid,76,0,0,3,1,8929,37,130,101,4,3509,215,3066,13945,23083,18379,3481,38,17,15
LCK,GEN,2021-02-03,32.483333333333334,Mid,Karis,61,0,0,2,1,12301,291,32,18,0,8479,525,7954,465,11047,4388,5978,17,4,7
LCK,GEN,2021-02-03,32.483333333333334,Bot,Ruler,145,0,0,1,1,13248,335,32,32,0,5017,3698,1305,4111,11064,9039,905,29,19,4
LCK,GEN,2021-02-03,32.483333333333334,Support,Life,875,0,1,1,0,6615,39,0,0,0,1308,585,0,538,4549,2584,1711,60,13,15
LCK,DRX,2021-02-03,32.483333333333334,Top,Kingen,106,1,2,1,3,12685,246,0,0,0,13072,7343,5208,3107,15725,12243,3241,11,9,7
LCK,DRX,2021-02-03,32.483333333333334,Jungle,Pyosik,2,1,3,0,3,12705,32,191,114,19,7385,5217,0,16722,23338,18283,4717,13,18,13
LCK,DRX,2021-02-03,32.483333333333334,Mid,SOLKA,134,1,1,1,2,12684,280,18,13,4,9398,1035,8227,1716,8529,3959,4359,17,6,6
LCK,DRX,2021-02-03,32.483333333333334,Bot,BAO,523,1,3,0,3,16286,341,30,20,2,9347,6893,723,1041,3107,2044,1063,18,22,6
LCK,DRX,2021-02-03,32.483333333333334,Support,Becca,412,1,0,1,6,7964,40,0,0,0,1125,159,875,747,5582,2737,2669,63,11,22
