League,team,date,min,role,name,hero,win,kills,deaths,assists,goldEarned,totalMinionsKilled,neutralMinionsKilled,neutralMinionsKilledTeamJungle,neutralMinionsKilledEnemyJungle,totalDamageDealtToChampions,physicalDamageDealtToChampions,magicDamageDealtToChampions,totalHeal,totalDamageTaken,physicalDamageTaken,magicalDamageTaken,wardsPlaced,wardsKilled,visionWardsBoughtInGame
LCK,HLE,2021-02-20,39.45,Top,Morgan,58,1,3,3,9,16724,317,12,5,0,18171,15129,3042,14607,43049,26495,14741,12,24,8
LCK,HLE,2021-02-20,39.45,Jungle,Arthur,876,1,3,3,6,13060,54,179,121,8,11905,187,9381,13254,28450,21785,6450,42,22,15
LCK,HLE,2021-02-20,39.45,Mid,Chovy,236,1,5,1,5,21037,406,76,47,13,30735,26534,4201,4076,19223,10297,8398,19,29,4
LCK,HLE,2021-02-20,39.45,Bot,Deft,145,1,7,2,8,18359,311,60,27,14,26790,17450,8085,10142,19452,11684,6772,40,19,8
LCK,HLE,2021-02-20,39.45,Support,Vsta,111,1,0,3,16,9384,35,0,0,0,9693,1649,6973,1839,18295,9894,8323,78,12,24
LCK,DK,2021-02-20,39.45,Top,Khan,14,0,1,2,8,12780,252,0,0,0,21840,13263,8576,3613,30934,22230,7182,12,10,10
LCK,DK,2021-02-20,39.45,Jungle,Canyon,104,0,6,3,2,17068,87,233,177,8,21548,16494,3355,11541,24476,18772,4832,15,15,12
LCK,DK,2021-02-20,39.45,Mid,ShowMaker,61,0,2,3,4,14805,314,24,21,0,17609,146,17338,1872,13777,10225,3551,20,10,8
LCK,DK,2021-02-20,39.45,Bot,Ghost,429,0,3,2,5,16494,323,24,16,0,15258,13877,967,5722,20969,13290,7116,47,21,8
LCK,DK,2021-02-20,39.45,Support,BeryL,79,0,0,8,7,9226,72,0,0,0,12118,376,10351,12681,30316,18066,10542,70,32,20
