League,team,date,min,role,name,hero,win,kills,deaths,assists,goldEarned,totalMinionsKilled,neutralMinionsKilled,neutralMinionsKilledTeamJungle,neutralMinionsKilledEnemyJungle,totalDamageDealtToChampions,physicalDamageDealtToChampions,magicDamageDealtToChampions,totalHeal,totalDamageTaken,physicalDamageTaken,magicalDamageTaken,wardsPlaced,wardsKilled,visionWardsBoughtInGame
LEC,S04,2021-02-19,37.43333333333333,Top,BrokenBlade,150,0,1,2,4,14086,271,32,11,12,14032,10549,3482,8815,26661,16007,10355,16,3,5
LEC,S04,2021-02-19,37.43333333333333,Jungle,Gilius,76,0,1,5,3,12344,35,192,134,19,9823,420,8985,20646,34077,21771,11917,7,15,8
LEC,S04,2021-02-19,37.43333333333333,Mid,Abbedagge,142,0,4,4,1,13823,285,22,18,0,21455,1275,17701,5667,17239,7772,9051,17,12,6
LEC,S04,2021-02-19,37.43333333333333,Bot,Neon,145,0,1,4,3,13530,301,34,26,0,14545,9625,2975,4835,19019,12730,5758,11,11,5
LEC,S04,2021-02-19,37.43333333333333,Support,LIMIT,3,0,0,4,4,7941,52,0,0,0,5169,34,4624,2586,23166,16290,5256,72,11,22
LEC,SK,2021-02-19,37.43333333333333,Top,Jenax,58,1,2,1,10,14242,278,16,14,1,10337,9364,973,11356,27494,16358,10783,14,9,1
LEC,SK,2021-02-19,37.43333333333333,Jungle,TynX,72,1,5,1,10,13432,27,165,113,0,7040,3181,2512,15752,27184,16812,8335,8,11,7
LEC,SK,2021-02-19,37.43333333333333,Mid,Blue,268,1,3,1,12,16213,319,44,29,8,30275,303,29584,2183,12601,5950,5638,19,7,5
LEC,SK,2021-02-19,37.43333333333333,Bot,Jezu,202,1,8,2,8,15951,267,28,12,4,25271,21772,3061,4319,11903,5660,5813,15,7,6
LEC,SK,2021-02-19,37.43333333333333,Support,Treatz,89,1,1,2,16,8981,38,0,0,0,4355,918,2354,3040,16094,4797,9766,57,15,18
