League,team,date,min,role,name,hero,win,kills,deaths,assists,goldEarned,totalMinionsKilled,neutralMinionsKilled,neutralMinionsKilledTeamJungle,neutralMinionsKilledEnemyJungle,totalDamageDealtToChampions,physicalDamageDealtToChampions,magicDamageDealtToChampions,totalHeal,totalDamageTaken,physicalDamageTaken,magicalDamageTaken,wardsPlaced,wardsKilled,visionWardsBoughtInGame
LCS,IMT,2021-02-21,39.43333333333333,Top,Revenge,41,1,4,2,9,17071,303,22,8,10,23038,13187,6251,13856,32349,20739,10803,21,6,8
LCS,IMT,2021-02-21,39.43333333333333,Jungle,Xerxe,120,1,5,0,10,14718,25,222,136,13,14484,11663,2028,28335,37767,22949,13743,11,10,8
LCS,IMT,2021-02-21,39.43333333333333,Mid,Insanity,134,1,8,1,8,17796,331,33,20,8,19870,1069,18488,4195,13185,6356,6407,20,12,6
LCS,IMT,2021-02-21,39.43333333333333,Bot,Raes,81,1,3,3,11,17288,355,52,32,16,29394,22779,5598,3774,21719,15663,4377,16,13,6
LCS,IMT,2021-02-21,39.43333333333333,Support,Destiny,526,1,2,3,12,8887,39,0,0,0,7506,274,6698,1441,13769,6708,6726,68,19,16
LCS,FLY,2021-02-21,39.43333333333333,Top,Licorice,150,0,2,4,2,14018,309,11,4,2,19972,15735,4237,8133,37382,24866,10168,20,14,6
LCS,FLY,2021-02-21,39.43333333333333,Jungle,Josedeodo,72,0,1,1,5,11764,44,175,128,0,8323,3470,3512,12515,26772,18955,6808,15,23,15
LCS,FLY,2021-02-21,39.43333333333333,Mid,Palafox,112,0,4,7,2,13719,291,10,8,1,26905,354,26551,1494,16739,8002,7442,22,4,9
LCS,FLY,2021-02-21,39.43333333333333,Bot,Johnsun,523,0,1,5,5,16337,370,44,39,0,19570,16620,850,6014,19359,10345,8538,18,12,6
LCS,FLY,2021-02-21,39.43333333333333,Support,Diamond,412,0,1,5,5,7821,33,0,0,0,3373,205,2293,2126,20191,10691,8369,49,11,13
