League,team,date,min,role,name,hero,win,kills,deaths,assists,goldEarned,totalMinionsKilled,neutralMinionsKilled,neutralMinionsKilledTeamJungle,neutralMinionsKilledEnemyJungle,totalDamageDealtToChampions,physicalDamageDealtToChampions,magicDamageDealtToChampions,totalHeal,totalDamageTaken,physicalDamageTaken,magicalDamageTaken,wardsPlaced,wardsKilled,visionWardsBoughtInGame
LCK,GEN,2021-03-05,37.63333333333333,Top,Rascal,106,0,4,4,4,14509,277,13,4,0,22048,9970,11818,11671,42132,20161,11821,13,8,11
LCK,GEN,2021-03-05,37.63333333333333,Jungle,Clid,876,0,1,3,3,11515,47,179,123,16,8827,92,6885,13255,29252,18318,9501,14,23,16
LCK,GEN,2021-03-05,37.63333333333333,Mid,Bdd,268,0,0,2,6,14806,326,35,28,1,22214,598,21566,942,14559,6091,7105,19,15,6
LCK,GEN,2021-03-05,37.63333333333333,Bot,Ruler,498,0,2,2,4,16724,382,36,28,4,22806,21450,420,2891,14149,5756,7858,18,20,7
LCK,GEN,2021-03-05,37.63333333333333,Support,Life,526,0,2,4,3,8362,32,0,0,0,4514,201,4313,1713,15309,4688,8265,72,8,23
LCK,LSB,2021-03-05,37.63333333333333,Top,Summit,164,1,3,1,6,16225,345,22,0,15,27265,13567,1554,21184,39853,20841,18414,13,13,9
LCK,LSB,2021-03-05,37.63333333333333,Jungle,Croco,77,1,1,1,9,10811,32,142,91,9,4812,1605,2626,16080,29389,18026,10263,18,19,16
LCK,LSB,2021-03-05,37.63333333333333,Mid,FATE,112,1,3,1,8,15370,295,56,44,0,27271,262,27009,2268,12463,6700,5433,18,5,8
LCK,LSB,2021-03-05,37.63333333333333,Bot,Prince,145,1,7,2,3,17452,353,37,37,0,15766,8719,4517,7018,16907,11804,4854,18,16,5
LCK,LSB,2021-03-05,37.63333333333333,Support,Effort,12,1,1,4,10,8453,42,0,0,0,5068,422,4064,11335,19940,10543,8576,79,15,24
