League,team,date,min,role,name,hero,win,kills,deaths,assists,goldEarned,totalMinionsKilled,neutralMinionsKilled,neutralMinionsKilledTeamJungle,neutralMinionsKilledEnemyJungle,totalDamageDealtToChampions,physicalDamageDealtToChampions,magicDamageDealtToChampions,totalHeal,totalDamageTaken,physicalDamageTaken,magicalDamageTaken,wardsPlaced,wardsKilled,visionWardsBoughtInGame
LCS,EG,2021-02-06,46.71666666666667,Top,Impact,150,0,2,4,7,14791,280,13,13,0,28490,22062,6259,9052,34502,20330,8359,21,11,5
LCS,EG,2021-02-06,46.71666666666667,Jungle,Svenskeren,77,0,6,2,4,16015,53,241,149,17,11423,3478,6840,25002,45165,29055,11729,15,40,13
LCS,EG,2021-02-06,46.71666666666667,Mid,Jiizuke,268,0,4,3,7,18876,345,62,55,4,28831,1286,27319,640,17632,12241,4729,18,19,8
LCS,EG,2021-02-06,46.71666666666667,Bot,Deftly,498,0,2,2,2,16205,361,29,20,0,14920,14050,660,5875,14588,10380,3425,15,24,9
LCS,EG,2021-02-06,46.71666666666667,Support,IgNar,497,0,1,4,8,9562,43,0,0,0,8245,845,6496,5223,18842,9637,7500,88,19,27
LCS,100,2021-02-06,46.71666666666667,Top,Ssumday,164,1,5,3,4,19369,337,39,21,8,18114,13531,1533,16310,35510,22336,12367,21,20,13
LCS,100,2021-02-06,46.71666666666667,Jungle,Closer,2,1,2,3,7,14086,45,180,121,12,14798,8897,0,21714,42150,26448,15421,17,21,16
LCS,100,2021-02-06,46.71666666666667,Mid,Damonte,61,1,6,4,7,17626,304,32,30,0,24064,628,23335,865,14111,6128,7462,24,7,8
LCS,100,2021-02-06,46.71666666666667,Bot,FBI,523,1,1,2,8,19486,404,38,34,0,27240,23096,657,5768,14137,9183,4417,21,18,7
LCS,100,2021-02-06,46.71666666666667,Support,huhi,12,1,1,3,10,10619,39,0,0,0,6496,392,5298,10211,24548,10590,13491,102,10,32
