League,team,date,min,role,name,hero,win,kills,deaths,assists,goldEarned,totalMinionsKilled,neutralMinionsKilled,neutralMinionsKilledTeamJungle,neutralMinionsKilledEnemyJungle,totalDamageDealtToChampions,physicalDamageDealtToChampions,magicDamageDealtToChampions,totalHeal,totalDamageTaken,physicalDamageTaken,magicalDamageTaken,wardsPlaced,wardsKilled,visionWardsBoughtInGame
LCK,AF,2021-01-17,31.233333333333334,Top,Kiin,82,1,4,1,5,12436,252,6,5,0,15752,2618,12132,11304,20361,12143,6602,18,5,12
LCK,AF,2021-01-17,31.233333333333334,Jungle,Dread,104,1,5,1,9,13136,39,202,115,24,14744,12473,1054,11228,19928,10300,7851,10,21,9
LCK,AF,2021-01-17,31.233333333333334,Mid,Fly,61,1,5,2,8,14586,246,30,30,0,13740,557,12962,979,10175,3773,5757,18,10,10
LCK,AF,2021-01-17,31.233333333333334,Bot,Bang,360,1,6,3,7,13801,270,8,8,0,15356,13232,1523,4512,17274,8132,6996,17,15,6
LCK,AF,2021-01-17,31.233333333333334,Support,Lehends,526,1,0,4,12,7370,31,0,0,0,3555,421,2451,2360,12793,4514,6817,59,11,20
LCK,BRO,2021-01-17,31.233333333333334,Top,Hoya,164,0,2,4,4,11304,232,4,0,0,11297,7653,760,4878,22211,11199,9717,11,10,7
LCK,BRO,2021-01-17,31.233333333333334,Jungle,UmTi,876,0,1,4,6,10486,38,181,143,7,15990,478,11366,14226,30785,20848,9275,32,16,13
LCK,BRO,2021-01-17,31.233333333333334,Mid,Lava,4,0,1,3,5,11324,243,0,0,0,9273,491,8781,3829,16017,8835,6335,6,6,2
LCK,BRO,2021-01-17,31.233333333333334,Bot,Hena,145,0,7,4,2,14758,285,16,16,0,11186,6995,3574,4724,12897,7353,5180,14,11,6
LCK,BRO,2021-01-17,31.233333333333334,Support,Delight,3,0,0,5,10,6767,40,0,0,0,5636,208,5428,0,11692,7311,3826,54,14,21
