League,team,date,min,role,name,hero,win,kills,deaths,assists,goldEarned,totalMinionsKilled,neutralMinionsKilled,neutralMinionsKilledTeamJungle,neutralMinionsKilledEnemyJungle,totalDamageDealtToChampions,physicalDamageDealtToChampions,magicDamageDealtToChampions,totalHeal,totalDamageTaken,physicalDamageTaken,magicalDamageTaken,wardsPlaced,wardsKilled,visionWardsBoughtInGame
LEC,VIT,2021-02-27,33.11666666666667,Top,Szygenda,150,0,0,3,2,10057,241,0,0,0,11703,8886,2474,4243,21540,12273,8439,18,10,7
LEC,VIT,2021-02-27,33.11666666666667,Jungle,Skeanz,104,0,3,3,1,10310,43,166,127,4,8799,6787,905,6775,17047,12455,4459,11,17,12
LEC,VIT,2021-02-27,33.11666666666667,Mid,Milica,61,0,1,1,3,11928,270,12,12,0,13204,359,12769,2251,11867,9684,2183,16,8,5
LEC,VIT,2021-02-27,33.11666666666667,Bot,Crownshot,81,0,3,3,1,12706,302,12,12,0,14271,7303,6172,4932,16029,11320,4684,13,6,4
LEC,VIT,2021-02-27,33.11666666666667,Support,Labrov,526,0,0,4,3,6480,32,0,0,0,5803,85,4580,1357,16829,11157,5184,42,11,17
LEC,MAD,2021-02-27,33.11666666666667,Top,Armut,62,1,4,2,4,13552,220,16,7,0,11795,9310,2413,3365,20248,11036,8148,14,8,5
LEC,MAD,2021-02-27,33.11666666666667,Jungle,Elyoya,76,1,4,1,5,12605,17,210,128,23,13579,430,12833,24281,29649,20468,8921,25,13,10
LEC,MAD,2021-02-27,33.11666666666667,Mid,Humanoid,236,1,4,3,2,15563,281,50,26,13,16972,14733,2239,3101,16869,8037,8041,15,8,4
LEC,MAD,2021-02-27,33.11666666666667,Bot,Carzzy,15,1,2,0,8,15229,325,30,21,6,14551,13459,893,2633,9950,6939,2439,16,11,8
LEC,MAD,2021-02-27,33.11666666666667,Support,Kaiser,12,1,0,1,12,7984,31,0,0,0,6542,631,5022,10422,15118,8485,5481,63,8,19
