League,team,date,min,role,name,hero,win,kills,deaths,assists,goldEarned,totalMinionsKilled,neutralMinionsKilled,neutralMinionsKilledTeamJungle,neutralMinionsKilledEnemyJungle,totalDamageDealtToChampions,physicalDamageDealtToChampions,magicDamageDealtToChampions,totalHeal,totalDamageTaken,physicalDamageTaken,magicalDamageTaken,wardsPlaced,wardsKilled,visionWardsBoughtInGame
LCS,TL,2021-02-05,35.483333333333334,Top,Alphari,85,0,1,2,4,12363,247,14,7,0,10818,1760,8793,5436,13766,8221,4933,24,11,10
LCS,TL,2021-02-05,35.483333333333334,Jungle,Santorin,77,0,2,1,1,12346,49,223,151,5,3991,1183,2360,13121,23160,17087,5689,14,23,14
LCS,TL,2021-02-05,35.483333333333334,Mid,Jensen,777,0,2,3,3,13777,314,13,5,3,7012,4588,1662,2005,16136,7295,8599,16,8,8
LCS,TL,2021-02-05,35.483333333333334,Bot,Tactical,235,0,1,5,3,10108,71,8,8,0,10879,10767,0,8722,12770,6015,6571,51,37,13
LCS,TL,2021-02-05,35.483333333333334,Support,CoreJJ,223,0,0,3,3,10801,216,0,0,0,5739,246,5493,5998,20885,10728,9488,9,6,10
LCS,IMT,2021-02-05,35.483333333333334,Top,Revenge,39,1,4,3,4,16399,304,16,12,0,12192,7018,5174,5008,20010,12799,6599,15,5,5
LCS,IMT,2021-02-05,35.483333333333334,Jungle,Xerxe,80,1,2,2,5,11048,24,157,110,9,7453,6610,293,13787,26394,18728,7519,37,17,11
LCS,IMT,2021-02-05,35.483333333333334,Mid,Insanity,61,1,2,0,7,14606,283,41,33,8,21196,705,20163,839,5190,2627,2412,18,13,7
LCS,IMT,2021-02-05,35.483333333333334,Bot,Raes,145,1,6,1,1,14712,274,13,12,0,11806,6928,4012,3828,12210,9072,2943,24,14,5
LCS,IMT,2021-02-05,35.483333333333334,Support,Destiny,53,1,0,0,8,7910,34,0,0,0,4089,814,2928,1454,10103,6455,3163,68,7,21
