League,team,date,min,role,name,hero,win,kills,deaths,assists,goldEarned,totalMinionsKilled,neutralMinionsKilled,neutralMinionsKilledTeamJungle,neutralMinionsKilledEnemyJungle,totalDamageDealtToChampions,physicalDamageDealtToChampions,magicDamageDealtToChampions,totalHeal,totalDamageTaken,physicalDamageTaken,magicalDamageTaken,wardsPlaced,wardsKilled,visionWardsBoughtInGame
LCS,TL,2021-02-07,30.583333333333332,Top,Alphari,41,1,5,2,5,14885,256,13,1,8,30748,20869,6658,10711,21372,16119,5168,14,2,5
LCS,TL,2021-02-07,30.583333333333332,Jungle,Santorin,80,1,4,2,8,11673,16,171,103,16,10592,10245,0,15084,30708,20521,9849,19,12,6
LCS,TL,2021-02-07,30.583333333333332,Mid,Jensen,134,1,3,1,7,11992,228,16,16,0,14084,675,13409,2043,9284,3559,5725,11,5,1
LCS,TL,2021-02-07,30.583333333333332,Bot,Tactical,523,1,2,3,8,13618,258,26,18,8,19581,15696,1548,4341,11707,5459,6172,16,9,6
LCS,TL,2021-02-07,30.583333333333332,Support,CoreJJ,412,1,2,3,12,8675,45,0,0,0,4446,730,3330,1779,10108,4321,5198,35,20,14
LCS,FLY,2021-02-07,30.583333333333332,Top,Licorice,266,0,3,3,5,10096,186,4,4,0,12678,12678,0,10136,31819,20882,7603,12,6,5
LCS,FLY,2021-02-07,30.583333333333332,Jungle,Josedeodo,77,0,2,3,7,10031,44,138,94,4,4204,1179,2836,10146,26464,19531,5849,10,11,12
LCS,FLY,2021-02-07,30.583333333333332,Mid,Palafox,61,0,2,3,5,11589,270,12,12,0,16598,448,16150,2275,13607,8881,4601,15,4,5
LCS,FLY,2021-02-07,30.583333333333332,Bot,Johnsun,145,0,4,0,5,12166,249,20,17,0,16434,11331,4942,6757,14495,10751,3625,26,14,5
LCS,FLY,2021-02-07,30.583333333333332,Support,Diamond,111,0,0,7,8,5806,30,0,0,0,6024,803,4483,732,17648,11210,4810,39,6,11
