League,team,date,min,role,name,hero,win,kills,deaths,assists,goldEarned,totalMinionsKilled,neutralMinionsKilled,neutralMinionsKilledTeamJungle,neutralMinionsKilledEnemyJungle,totalDamageDealtToChampions,physicalDamageDealtToChampions,magicDamageDealtToChampions,totalHeal,totalDamageTaken,physicalDamageTaken,magicalDamageTaken,wardsPlaced,wardsKilled,visionWardsBoughtInGame
LCK,DRX,2021-01-20,31.833333333333332,Top,Kingen,150,0,1,3,2,12832,264,10,1,4,10379,8791,1587,3251,23229,14056,8942,13,6,7
LCK,DRX,2021-01-20,31.833333333333332,Jungle,Pyosik,2,0,2,2,2,10913,32,186,140,9,7701,6074,0,18551,31107,19790,10887,11,17,11
LCK,DRX,2021-01-20,31.833333333333332,Mid,SOLKA,3,0,0,1,2,10925,264,14,8,6,7890,120,7770,2272,13096,10789,1863,20,4,11
LCK,DRX,2021-01-20,31.833333333333332,Bot,BAO,145,0,2,3,0,12343,288,16,12,0,9938,5850,3318,3054,11155,9153,1836,13,3,2
LCK,DRX,2021-01-20,31.833333333333332,Support,Becca,497,0,0,1,4,6764,44,1,0,1,4085,483,3602,2881,8406,5130,3276,81,21,15
LCK,NS,2021-01-20,31.833333333333332,Top,Rich,126,1,2,2,5,12947,264,13,8,2,18948,17922,1026,4917,13917,9350,3949,14,14,5
LCK,NS,2021-01-20,31.833333333333332,Jungle,Peanut,76,1,1,1,6,12070,43,207,135,12,11637,545,10569,22473,27736,19734,7611,6,28,5
LCK,NS,2021-01-20,31.833333333333332,Mid,Bay,134,1,2,1,3,12230,283,8,4,4,10392,971,9421,764,8543,5642,2900,21,8,11
LCK,NS,2021-01-20,31.833333333333332,Bot,deokdam,360,1,5,0,2,14661,306,12,12,0,10335,9290,921,3148,10552,7543,1768,14,8,7
LCK,NS,2021-01-20,31.833333333333332,Support,Kellin,526,1,0,2,7,7327,41,0,0,0,3024,279,2121,2080,10745,4939,4657,53,19,15
