League,team,date,min,role,name,hero,win,kills,deaths,assists,goldEarned,totalMinionsKilled,neutralMinionsKilled,neutralMinionsKilledTeamJungle,neutralMinionsKilledEnemyJungle,totalDamageDealtToChampions,physicalDamageDealtToChampions,magicDamageDealtToChampions,totalHeal,totalDamageTaken,physicalDamageTaken,magicalDamageTaken,wardsPlaced,wardsKilled,visionWardsBoughtInGame
LCK,DK,2021-02-27,31.583333333333332,Top,Khan,14,0,2,4,2,10160,225,2,2,0,15624,9661,5963,2495,35978,22271,6933,9,1,5
LCK,DK,2021-02-27,31.583333333333332,Jungle,Canyon,141,0,4,5,3,11806,26,200,150,4,13601,10848,1700,15500,27201,18840,6872,31,19,10
LCK,DK,2021-02-27,31.583333333333332,Mid,ShowMaker,134,0,1,4,3,10060,231,13,13,0,9238,903,8335,2607,13431,9200,3055,12,4,2
LCK,DK,2021-02-27,31.583333333333332,Bot,Ghost,81,0,2,4,4,11693,256,12,12,0,16589,11134,5454,3194,16137,11509,2655,18,14,8
LCK,DK,2021-02-27,31.583333333333332,Support,BeryL,147,0,0,7,7,6609,17,1,1,0,6564,943,4916,2415,13805,8279,4289,47,10,15
LCK,T1,2021-02-27,31.583333333333332,Top,Zeus,164,1,3,3,5,12730,258,24,16,4,14269,8541,971,9032,25492,18675,6204,10,6,3
LCK,T1,2021-02-27,31.583333333333332,Jungle,Oner,876,1,8,0,14,14801,68,182,130,12,18479,1170,12397,15215,27812,20123,7308,7,19,6
LCK,T1,2021-02-27,31.583333333333332,Mid,Clozer,236,1,8,3,9,15343,267,26,19,4,19884,18608,900,3225,18776,11034,7495,13,6,4
LCK,T1,2021-02-27,31.583333333333332,Bot,Teddy,235,1,3,2,17,11065,70,15,7,0,18456,16542,230,11734,10731,5890,4555,50,18,10
LCK,T1,2021-02-27,31.583333333333332,Support,Keria,111,1,2,1,19,10785,147,0,0,0,9007,2630,5456,3128,17699,12118,5349,19,5,11
