League,team,date,min,role,name,hero,win,kills,deaths,assists,goldEarned,totalMinionsKilled,neutralMinionsKilled,neutralMinionsKilledTeamJungle,neutralMinionsKilledEnemyJungle,totalDamageDealtToChampions,physicalDamageDealtToChampions,magicDamageDealtToChampions,totalHeal,totalDamageTaken,physicalDamageTaken,magicalDamageTaken,wardsPlaced,wardsKilled,visionWardsBoughtInGame
LEC,XL,2021-02-12,37.61666666666667,Top,Kryze,31,1,2,1,4,13754,266,16,5,4,13710,1837,7888,13296,50460,24371,21426,16,2,6
LEC,XL,2021-02-12,37.61666666666667,Jungle,Dan,104,1,1,2,4,13599,43,222,143,10,7665,6584,1004,11470,20489,13950,5409,15,8,12
LEC,XL,2021-02-12,37.61666666666667,Mid,Czekolad,268,1,1,3,2,14775,293,28,24,4,14472,1576,12488,1766,16135,6952,8007,17,7,8
LEC,XL,2021-02-12,37.61666666666667,Bot,Patrik,202,1,1,2,5,15191,317,30,16,10,21808,18172,3055,4049,12781,6733,5631,21,11,9
LEC,XL,2021-02-12,37.61666666666667,Support,Tore,79,1,3,2,3,9387,46,4,0,0,11125,1033,8569,9217,18097,9702,6037,63,22,16
LEC,VIT,2021-02-12,37.61666666666667,Top,Szygenda,41,0,1,3,4,15387,329,4,0,4,32551,19503,8701,13790,29434,17359,9507,23,2,10
LEC,VIT,2021-02-12,37.61666666666667,Jungle,Skeanz,876,0,4,0,3,12262,31,192,136,3,15220,664,10878,13891,24287,17428,6618,16,7,15
LEC,VIT,2021-02-12,37.61666666666667,Mid,Milica,61,0,1,0,2,12812,290,22,21,0,16921,403,16442,2017,11589,4757,5625,18,9,5
LEC,VIT,2021-02-12,37.61666666666667,Bot,Crownshot,21,0,4,2,3,16616,325,41,36,2,14473,11695,2045,3337,14375,7042,6173,17,21,6
LEC,VIT,2021-02-12,37.61666666666667,Support,Labrov,12,0,0,3,4,7331,34,0,0,0,5478,222,4344,4198,18519,7905,9217,68,11,19
