League,team,date,min,role,name,hero,win,kills,deaths,assists,goldEarned,totalMinionsKilled,neutralMinionsKilled,neutralMinionsKilledTeamJungle,neutralMinionsKilledEnemyJungle,totalDamageDealtToChampions,physicalDamageDealtToChampions,magicDamageDealtToChampions,totalHeal,totalDamageTaken,physicalDamageTaken,magicalDamageTaken,wardsPlaced,wardsKilled,visionWardsBoughtInGame
LCK,NS,2021-01-14,30.633333333333333,Top,Rich,150,1,1,2,5,10517,194,0,0,0,7864,7396,467,4653,18698,14255,3886,9,11,5
LCK,NS,2021-01-14,30.633333333333333,Jungle,Peanut,2,1,2,1,6,10388,23,152,106,4,9065,7321,0,18325,32427,24052,7652,5,13,4
LCK,NS,2021-01-14,30.633333333333333,Mid,Bay,134,1,2,2,6,11197,239,14,10,0,12134,148,11985,858,10582,6077,4369,19,2,9
LCK,NS,2021-01-14,30.633333333333333,Bot,deokdam,81,1,5,0,2,14991,302,18,11,4,14820,9452,4729,2220,12162,9137,3025,17,12,9
LCK,NS,2021-01-14,30.633333333333333,Support,Kellin,12,1,0,3,10,6996,29,0,0,0,3505,376,2667,8923,12902,9368,3057,59,7,19
LCK,LSB,2021-01-14,30.633333333333333,Top,Summit,126,0,5,2,1,12705,242,20,5,1,21091,18347,2743,4437,14567,8093,5405,17,12,11
LCK,LSB,2021-01-14,30.633333333333333,Jungle,Croco,104,0,0,2,4,9196,27,161,103,21,10037,8645,523,6884,15887,10910,4505,17,15,13
LCK,LSB,2021-01-14,30.633333333333333,Mid,FATE,142,0,0,1,3,11142,250,24,24,0,11992,866,10102,4715,10849,5403,5445,8,5,6
LCK,LSB,2021-01-14,30.633333333333333,Bot,Route,202,0,2,2,3,11285,237,6,6,0,13742,12586,1155,3260,9909,5965,3753,12,5,5
LCK,LSB,2021-01-14,30.633333333333333,Support,Effort,3,0,0,3,5,6567,41,0,0,0,4724,195,4529,698,13802,10304,2384,52,9,18
