League,team,date,min,role,name,hero,win,kills,deaths,assists,goldEarned,totalMinionsKilled,neutralMinionsKilled,neutralMinionsKilledTeamJungle,neutralMinionsKilledEnemyJungle,totalDamageDealtToChampions,physicalDamageDealtToChampions,magicDamageDealtToChampions,totalHeal,totalDamageTaken,physicalDamageTaken,magicalDamageTaken,wardsPlaced,wardsKilled,visionWardsBoughtInGame
LCK,AF,2021-02-18,27.583333333333332,Top,Kiin,82,0,1,4,0,9360,212,8,0,0,10178,2093,7874,3245,14982,7643,6961,10,4,4
LCK,AF,2021-02-18,27.583333333333332,Jungle,Dread,104,0,2,4,2,9055,53,122,97,0,7965,6764,784,5887,15798,9329,6033,8,14,7
LCK,AF,2021-02-18,27.583333333333332,Mid,Fly,112,0,1,3,2,9843,242,12,8,0,9789,179,9609,178,10481,2682,7588,14,11,8
LCK,AF,2021-02-18,27.583333333333332,Bot,Bang,498,0,0,1,3,9203,232,4,4,0,9333,9333,0,2495,9765,5527,4034,14,8,7
LCK,AF,2021-02-18,27.583333333333332,Support,Lehends,526,0,0,4,2,5774,52,0,0,0,2700,301,1808,587,9668,3784,5457,43,21,16
LCK,GEN,2021-02-18,27.583333333333332,Top,Rascal,58,1,4,2,5,13159,250,21,4,3,11734,10026,1708,9787,24773,15429,8811,10,7,7
LCK,GEN,2021-02-18,27.583333333333332,Jungle,Clid,76,1,4,1,7,11516,26,171,98,39,12523,1109,11008,17179,23314,15073,7780,34,17,12
LCK,GEN,2021-02-18,27.583333333333332,Mid,Bdd,268,1,2,0,5,12656,283,24,24,0,12402,79,12323,3029,11177,5312,5797,20,4,11
LCK,GEN,2021-02-18,27.583333333333332,Bot,Ruler,145,1,5,0,3,14092,276,28,8,12,9901,5849,3009,5879,8680,7202,1348,23,14,2
LCK,GEN,2021-02-18,27.583333333333332,Support,Life,89,1,1,1,4,6814,31,0,0,0,1665,584,876,901,6133,4479,1626,36,9,11
