League,team,date,min,role,name,hero,win,kills,deaths,assists,goldEarned,totalMinionsKilled,neutralMinionsKilled,neutralMinionsKilledTeamJungle,neutralMinionsKilledEnemyJungle,totalDamageDealtToChampions,physicalDamageDealtToChampions,magicDamageDealtToChampions,totalHeal,totalDamageTaken,physicalDamageTaken,magicalDamageTaken,wardsPlaced,wardsKilled,visionWardsBoughtInGame
LCK,AF,2021-01-31,35.516666666666666,Top,Kiin,58,1,2,1,8,14291,302,18,8,2,19689,17742,1947,14509,31438,15698,14637,14,20,8
LCK,AF,2021-01-31,35.516666666666666,Jungle,Dread,2,1,6,0,3,13341,61,163,89,20,12953,8935,133,17082,23052,16380,6296,21,40,17
LCK,AF,2021-01-31,35.516666666666666,Mid,Fly,61,1,2,1,10,14590,305,20,20,0,10521,697,9823,775,7631,4917,2430,16,13,5
LCK,AF,2021-01-31,35.516666666666666,Bot,Bang,498,1,5,0,5,15782,300,28,19,2,11927,10921,900,6847,12302,8369,3649,22,14,10
LCK,AF,2021-01-31,35.516666666666666,Support,Lehends,412,1,0,1,12,8459,45,0,0,0,3147,406,2740,2281,7463,4090,3344,53,20,16
LCK,T1,2021-01-31,35.516666666666666,Top,Canna,79,0,1,4,0,11251,256,6,5,0,14467,2017,12349,11781,27498,23162,3365,16,1,4
LCK,T1,2021-01-31,35.516666666666666,Jungle,Cuzz,59,0,1,3,1,9999,22,156,107,11,7720,6738,281,13411,30299,21559,7447,32,16,11
LCK,T1,2021-01-31,35.516666666666666,Mid,Clozer,134,0,0,2,0,13803,357,25,24,0,10033,505,9528,1243,9868,5789,3566,13,6,5
LCK,T1,2021-01-31,35.516666666666666,Bot,Teddy,145,0,1,3,1,15342,328,39,22,4,14305,8390,5516,5981,15069,11338,3258,17,11,4
LCK,T1,2021-01-31,35.516666666666666,Support,Keria,555,0,0,3,2,7279,48,0,0,0,3596,2723,0,1712,8143,6291,1108,109,28,25
