League,team,date,min,role,name,hero,win,kills,deaths,assists,goldEarned,totalMinionsKilled,neutralMinionsKilled,neutralMinionsKilledTeamJungle,neutralMinionsKilledEnemyJungle,totalDamageDealtToChampions,physicalDamageDealtToChampions,magicDamageDealtToChampions,totalHeal,totalDamageTaken,physicalDamageTaken,magicalDamageTaken,wardsPlaced,wardsKilled,visionWardsBoughtInGame
LCK,DRX,2021-02-21,41.11666666666667,Top,Kingen,106,1,0,3,9,12418,234,12,3,0,11513,5707,5288,4511,24148,18131,5470,12,4,8
LCK,DRX,2021-02-21,41.11666666666667,Jungle,Pyosik,76,1,5,3,8,15521,44,235,154,37,22818,1199,21011,29070,34192,22620,11021,46,33,7
LCK,DRX,2021-02-21,41.11666666666667,Mid,SOLKA,134,1,3,0,7,16100,336,12,12,0,20925,895,19200,3142,14241,5943,8048,16,9,3
LCK,DRX,2021-02-21,41.11666666666667,Bot,BAO,498,1,9,2,3,19419,384,23,12,3,28827,26345,168,3090,16034,7529,8337,18,22,4
LCK,DRX,2021-02-21,41.11666666666667,Support,Becca,12,1,0,4,12,8870,40,0,0,0,5266,519,3401,8500,25345,12553,11977,82,14,26
LCK,AF,2021-02-21,41.11666666666667,Top,Kiin,58,0,1,5,4,15943,318,28,8,16,15830,13525,2305,18215,49294,24672,21907,7,15,4
LCK,AF,2021-02-21,41.11666666666667,Jungle,Dread,203,0,8,2,2,16328,98,201,122,25,23097,14263,7779,19846,32334,19807,12298,12,42,10
LCK,AF,2021-02-21,41.11666666666667,Mid,Fly,112,0,1,2,3,13976,289,19,13,4,18217,28,18114,2308,14257,7530,6117,16,9,8
LCK,AF,2021-02-21,41.11666666666667,Bot,Bang,145,0,1,3,4,15387,295,37,24,4,12920,5451,7022,9298,19122,9912,8193,41,14,9
LCK,AF,2021-02-21,41.11666666666667,Support,Lehends,3,0,1,5,6,9626,49,0,0,0,6590,195,5641,2259,18458,12794,4620,68,16,23
