League,team,date,min,role,name,hero,win,kills,deaths,assists,goldEarned,totalMinionsKilled,neutralMinionsKilled,neutralMinionsKilledTeamJungle,neutralMinionsKilledEnemyJungle,totalDamageDealtToChampions,physicalDamageDealtToChampions,magicDamageDealtToChampions,totalHeal,totalDamageTaken,physicalDamageTaken,magicalDamageTaken,wardsPlaced,wardsKilled,visionWardsBoughtInGame
LCK,NS,2021-01-23,24.716666666666665,Top,Rich,79,1,4,0,16,10408,169,0,0,0,19611,2479,16949,10630,20220,15187,4491,8,4,2
LCK,NS,2021-01-23,24.716666666666665,Jungle,Peanut,203,1,4,3,13,10456,26,149,84,10,7748,6337,1229,11684,21330,16873,3916,6,18,5
LCK,NS,2021-01-23,24.716666666666665,Mid,Bay,142,1,5,0,11,10805,187,4,0,4,15115,1750,11654,3798,8274,5430,2596,15,6,9
LCK,NS,2021-01-23,24.716666666666665,Bot,deokdam,145,1,8,0,5,11555,189,8,8,0,10529,6179,4138,4196,8594,6840,1439,12,4,6
LCK,NS,2021-01-23,24.716666666666665,Support,Kellin,526,1,0,4,14,6078,29,0,0,0,5819,541,4919,1257,10838,7356,3078,41,7,13
LCK,BRO,2021-01-23,24.716666666666665,Top,Hoya,266,0,2,5,1,7482,147,6,1,1,13395,13395,0,8031,23378,9844,12929,12,2,6
LCK,BRO,2021-01-23,24.716666666666665,Jungle,UmTi,80,0,0,5,5,7131,8,128,102,4,6057,4757,941,10284,23926,12225,10841,14,5,8
LCK,BRO,2021-01-23,24.716666666666665,Mid,Lava,134,0,0,4,4,7814,197,1,0,1,12352,888,11464,1166,9247,3708,5323,12,3,7
LCK,BRO,2021-01-23,24.716666666666665,Bot,Hena,360,0,2,3,3,8383,183,16,12,0,6591,5590,1001,1505,11429,4802,5894,11,10,5
LCK,BRO,2021-01-23,24.716666666666665,Support,Delight,875,0,3,4,3,6266,37,4,4,0,5428,3658,81,594,10909,4311,6366,38,8,14
