League,team,date,min,role,name,hero,win,kills,deaths,assists,goldEarned,totalMinionsKilled,neutralMinionsKilled,neutralMinionsKilledTeamJungle,neutralMinionsKilledEnemyJungle,totalDamageDealtToChampions,physicalDamageDealtToChampions,magicDamageDealtToChampions,totalHeal,totalDamageTaken,physicalDamageTaken,magicalDamageTaken,wardsPlaced,wardsKilled,visionWardsBoughtInGame
LCK,DRX,2021-01-22,32.38333333333333,Top,Kingen,79,1,0,0,12,13628,256,20,0,11,15392,1501,13891,15118,22993,14797,7046,11,2,7
LCK,DRX,2021-01-22,32.38333333333333,Jungle,Pyosik,104,1,2,0,9,14505,73,233,125,58,15741,12964,1506,5748,16231,6201,5774,47,26,7
LCK,DRX,2021-01-22,32.38333333333333,Mid,SOLKA,134,1,4,0,8,13175,245,33,25,2,21265,998,20266,1405,7913,5134,2593,14,5,4
LCK,DRX,2021-01-22,32.38333333333333,Bot,BAO,145,1,10,1,2,16432,296,21,20,1,14705,8824,5189,7084,11806,8564,3114,13,7,2
LCK,DRX,2021-01-22,32.38333333333333,Support,Becca,875,1,0,2,10,8393,49,0,0,0,5504,2917,0,1602,12587,7403,3662,56,22,13
LCK,LSB,2021-01-22,32.38333333333333,Top,Summit,516,0,0,4,1,9133,218,0,0,0,8788,2719,6069,3222,26186,11609,13085,14,7,7
LCK,LSB,2021-01-22,32.38333333333333,Jungle,Croco,2,0,1,3,1,8999,38,144,95,4,7014,4457,0,11414,24935,14288,10277,10,23,11
LCK,LSB,2021-01-22,32.38333333333333,Mid,FATE,142,0,0,2,2,11314,270,16,16,0,13564,722,11346,4277,16861,6716,9271,20,5,12
LCK,LSB,2021-01-22,32.38333333333333,Bot,Leo,498,0,1,3,2,13543,310,0,0,0,12190,11412,778,2471,12815,6648,5102,13,8,4
LCK,LSB,2021-01-22,32.38333333333333,Support,Effort,12,0,1,4,2,6829,37,0,0,0,1740,53,1498,4040,12763,6759,5252,62,18,20
