League,team,date,min,role,name,hero,win,kills,deaths,assists,goldEarned,totalMinionsKilled,neutralMinionsKilled,neutralMinionsKilledTeamJungle,neutralMinionsKilledEnemyJungle,totalDamageDealtToChampions,physicalDamageDealtToChampions,magicDamageDealtToChampions,totalHeal,totalDamageTaken,physicalDamageTaken,magicalDamageTaken,wardsPlaced,wardsKilled,visionWardsBoughtInGame
LCS,FLY,2021-02-06,33.96666666666667,Top,Licorice,164,0,5,7,4,11225,179,20,7,4,24289,12240,1538,9358,37529,17357,18616,17,8,8
LCS,FLY,2021-02-06,33.96666666666667,Jungle,Josedeodo,163,0,4,4,9,12535,36,182,133,1,20536,1024,17962,9519,23220,12900,9702,10,8,8
LCS,FLY,2021-02-06,33.96666666666667,Mid,Palafox,4,0,3,4,8,12897,240,4,4,0,12456,1206,10769,4238,22984,10901,10739,14,1,5
LCS,FLY,2021-02-06,33.96666666666667,Bot,Johnsun,235,0,2,4,8,13488,288,10,10,0,18356,16450,0,5468,13651,7232,5972,17,14,7
LCS,FLY,2021-02-06,33.96666666666667,Support,Diamond,12,0,0,3,9,6889,37,0,0,0,3851,363,3488,6219,14907,5840,8558,49,13,11
LCS,EG,2021-02-06,33.96666666666667,Top,Impact,98,1,7,4,8,13873,217,7,1,0,27680,10673,16621,10251,34045,18047,7115,16,6,7
LCS,EG,2021-02-06,33.96666666666667,Jungle,Svenskeren,120,1,3,3,9,11933,16,183,125,17,14115,10533,2339,26072,45039,25443,16252,10,6,9
LCS,EG,2021-02-06,33.96666666666667,Mid,Jiizuke,7,1,9,2,4,15260,243,20,12,4,25198,1666,23022,4141,14396,8943,4968,13,8,4
LCS,EG,2021-02-06,33.96666666666667,Bot,Deftly,145,1,3,2,6,15025,337,24,20,0,14920,8342,5007,3480,10883,6422,4080,24,12,5
LCS,EG,2021-02-06,33.96666666666667,Support,IgNar,526,1,0,3,11,7899,39,0,0,0,5325,139,4422,2597,13615,6419,5841,53,15,16
