League,team,date,min,role,name,hero,win,kills,deaths,assists,goldEarned,totalMinionsKilled,neutralMinionsKilled,neutralMinionsKilledTeamJungle,neutralMinionsKilledEnemyJungle,totalDamageDealtToChampions,physicalDamageDealtToChampions,magicDamageDealtToChampions,totalHeal,totalDamageTaken,physicalDamageTaken,magicalDamageTaken,wardsPlaced,wardsKilled,visionWardsBoughtInGame
LEC,S04,2021-01-30,34.766666666666666,Top,BrokenBlade,266,1,3,1,4,14578,269,27,1,11,23969,23549,0,21628,33860,23629,9227,17,5,11
LEC,S04,2021-01-30,34.766666666666666,Jungle,Gilius,77,1,2,1,4,12325,27,190,124,11,5670,1841,3148,16127,29459,21931,6503,12,13,11
LEC,S04,2021-01-30,34.766666666666666,Mid,Abbedagge,4,1,3,3,6,15440,284,15,12,2,13771,1802,11448,4328,18962,8640,10145,15,6,7
LEC,S04,2021-01-30,34.766666666666666,Bot,Neon,145,1,4,1,3,16213,321,32,16,12,16808,10583,4322,6021,13654,10370,2812,16,21,9
LEC,S04,2021-01-30,34.766666666666666,Support,LIMIT,526,1,1,1,6,8812,35,0,0,0,3804,460,2821,2117,12836,6642,5934,67,12,22
LEC,G2,2021-01-30,34.766666666666666,Top,Wunder,240,0,0,1,3,11156,287,5,2,0,10583,10426,156,6794,32709,25904,5161,15,8,3
LEC,G2,2021-01-30,34.766666666666666,Jungle,Jankos,104,0,3,2,4,12205,43,199,145,7,15621,11987,2499,8872,20161,13622,5514,12,22,9
LEC,G2,2021-01-30,34.766666666666666,Mid,Caps,61,0,4,1,3,14127,319,28,28,0,26705,1292,25412,893,12234,7127,4582,14,4,4
LEC,G2,2021-01-30,34.766666666666666,Bot,Rekkles,235,0,0,2,5,12457,287,4,1,0,13462,11702,719,5948,9729,6752,2744,11,12,5
LEC,G2,2021-01-30,34.766666666666666,Support,Mikyx,89,0,0,7,5,6902,40,2,2,0,3298,681,1859,189,13837,7293,5924,77,13,29
