League,team,date,min,role,name,hero,win,kills,deaths,assists,goldEarned,totalMinionsKilled,neutralMinionsKilled,neutralMinionsKilledTeamJungle,neutralMinionsKilledEnemyJungle,totalDamageDealtToChampions,physicalDamageDealtToChampions,magicDamageDealtToChampions,totalHeal,totalDamageTaken,physicalDamageTaken,magicalDamageTaken,wardsPlaced,wardsKilled,visionWardsBoughtInGame
LCK,GEN,2021-01-27,30.433333333333334,Top,Rascal,14,0,0,3,0,9866,245,3,1,0,4550,2998,1361,2173,21870,12773,8062,12,4,5
LCK,GEN,2021-01-27,30.433333333333334,Jungle,Flawless,77,0,0,0,0,8768,40,151,116,12,2622,729,1347,14855,24976,18404,6359,19,26,14
LCK,GEN,2021-01-27,30.433333333333334,Mid,Bdd,268,0,0,3,2,10276,268,8,8,0,11785,705,11079,2788,14002,8147,4803,16,14,7
LCK,GEN,2021-01-27,30.433333333333334,Bot,Ruler,145,0,1,2,0,11876,300,12,12,0,9463,5418,2203,3166,11175,7789,3067,33,12,10
LCK,GEN,2021-01-27,30.433333333333334,Support,Life,875,0,1,4,0,6450,30,4,0,0,4444,2694,23,1868,13116,5772,6282,56,13,15
LCK,DK,2021-01-27,30.433333333333334,Top,Khan,150,1,3,1,5,13531,272,13,0,7,20473,16644,3828,8908,19997,13896,4153,13,7,10
LCK,DK,2021-01-27,30.433333333333334,Jungle,Canyon,163,1,4,1,5,12856,27,224,116,30,10947,554,9668,11747,18241,13844,3651,41,16,12
LCK,DK,2021-01-27,30.433333333333334,Mid,ShowMaker,142,1,1,0,4,12179,261,24,13,6,12605,1216,9503,2977,8743,3604,4793,13,8,4
LCK,DK,2021-01-27,30.433333333333334,Bot,Ghost,498,1,4,0,5,13826,265,27,26,1,12271,11550,249,1285,8785,5620,2802,16,10,7
LCK,DK,2021-01-27,30.433333333333334,Support,BeryL,526,1,0,0,7,7264,48,0,0,0,3974,413,2963,1195,8355,4558,2893,52,29,17
