League,team,date,min,role,name,hero,win,kills,deaths,assists,goldEarned,totalMinionsKilled,neutralMinionsKilled,neutralMinionsKilledTeamJungle,neutralMinionsKilledEnemyJungle,totalDamageDealtToChampions,physicalDamageDealtToChampions,magicDamageDealtToChampions,totalHeal,totalDamageTaken,physicalDamageTaken,magicalDamageTaken,wardsPlaced,wardsKilled,visionWardsBoughtInGame
LCK,NS,2021-02-18,30.533333333333335,Top,Rich,79,0,0,3,5,8543,176,12,1,0,15137,3233,11903,13572,27264,16830,10072,8,7,2
LCK,NS,2021-02-18,30.533333333333335,Jungle,Peanut,48,0,4,7,4,10139,36,111,86,5,8260,4351,3046,17299,42067,22084,16467,7,18,6
LCK,NS,2021-02-18,30.533333333333335,Mid,Bay,134,0,3,0,6,12690,262,20,20,0,19834,366,19468,2526,14168,4161,9653,14,3,6
LCK,NS,2021-02-18,30.533333333333335,Bot,deokdam,360,0,5,4,3,11873,242,8,8,0,13213,11832,1309,4174,18564,9531,8407,13,7,5
LCK,NS,2021-02-18,30.533333333333335,Support,Kellin,526,0,0,3,6,6445,35,0,0,0,5732,517,4572,508,11501,6876,4040,58,10,15
LCK,HLE,2021-02-18,30.533333333333335,Top,Morgan,58,1,6,1,7,14790,268,13,5,8,19411,17595,1815,13691,34784,13638,17609,11,9,9
LCK,HLE,2021-02-18,30.533333333333335,Jungle,Arthur,72,1,2,2,7,10102,18,136,76,15,6002,2823,2196,10125,22254,15976,5983,12,10,10
LCK,HLE,2021-02-18,30.533333333333335,Mid,Chovy,112,1,1,0,14,14242,273,33,25,3,33140,345,32794,641,7048,2567,4377,16,9,6
LCK,HLE,2021-02-18,30.533333333333335,Bot,Deft,145,1,8,3,3,15093,235,30,4,14,23909,15275,5386,3993,14804,8123,5458,29,11,7
LCK,HLE,2021-02-18,30.533333333333335,Support,Vsta,12,1,0,6,12,7353,25,0,0,0,5914,240,4461,4944,17425,6412,9592,48,5,18
