League,team,date,min,role,name,hero,win,kills,deaths,assists,goldEarned,totalMinionsKilled,neutralMinionsKilled,neutralMinionsKilledTeamJungle,neutralMinionsKilledEnemyJungle,totalDamageDealtToChampions,physicalDamageDealtToChampions,magicDamageDealtToChampions,totalHeal,totalDamageTaken,physicalDamageTaken,magicalDamageTaken,wardsPlaced,wardsKilled,visionWardsBoughtInGame
LCK,GEN,2021-03-07,26.983333333333334,Top,Rascal,164,1,4,1,5,13676,226,14,1,5,14459,8640,880,9452,21843,16097,4762,7,3,7
LCK,GEN,2021-03-07,26.983333333333334,Jungle,Clid,77,1,4,1,12,10921,30,134,68,33,9777,3884,4963,12132,25377,16179,5916,8,17,6
LCK,GEN,2021-03-07,26.983333333333334,Mid,Bdd,134,1,6,0,7,11699,214,20,20,0,23859,1438,22420,1678,8193,4972,2720,18,3,9
LCK,GEN,2021-03-07,26.983333333333334,Bot,Ruler,429,1,5,1,9,11480,215,19,5,0,15673,14043,749,4436,13331,10153,2265,22,10,3
LCK,GEN,2021-03-07,26.983333333333334,Support,Life,12,1,0,1,16,6942,29,0,0,0,4687,391,4296,7468,14076,9400,3448,33,3,10
LCK,HLE,2021-03-07,26.983333333333334,Top,Morgan,98,0,1,5,1,7600,166,4,4,0,9487,3862,5160,2139,19873,12402,5502,10,3,4
LCK,HLE,2021-03-07,26.983333333333334,Jungle,yoHan,2,0,1,5,1,7354,12,144,97,20,7041,4289,433,12847,25526,18258,6552,5,9,4
LCK,HLE,2021-03-07,26.983333333333334,Mid,Chovy,14,0,1,3,2,8827,222,2,2,0,10833,4408,6154,4069,25453,9409,13249,10,12,7
LCK,HLE,2021-03-07,26.983333333333334,Bot,Deft,18,0,1,2,1,10649,253,15,11,0,16380,12116,2025,3683,12257,6542,4599,22,13,4
LCK,HLE,2021-03-07,26.983333333333334,Support,Vsta,526,0,0,4,3,5374,31,0,0,0,3060,234,2212,1115,10723,5205,5363,36,6,15
