League,team,date,min,role,name,hero,win,kills,deaths,assists,goldEarned,totalMinionsKilled,neutralMinionsKilled,neutralMinionsKilledTeamJungle,neutralMinionsKilledEnemyJungle,totalDamageDealtToChampions,physicalDamageDealtToChampions,magicDamageDealtToChampions,totalHeal,totalDamageTaken,physicalDamageTaken,magicalDamageTaken,wardsPlaced,wardsKilled,visionWardsBoughtInGame
LCK,LSB,2021-01-22,22.016666666666666,Top,Summit,150,1,0,2,7,8355,182,0,0,0,9321,8625,695,2806,11816,4224,7003,9,1,4
LCK,LSB,2021-01-22,22.016666666666666,Jungle,Croco,2,1,8,0,8,11382,15,151,93,13,13537,7582,0,16900,25893,18748,6601,8,8,8
LCK,LSB,2021-01-22,22.016666666666666,Mid,FATE,61,1,6,0,11,11316,193,12,8,4,13420,648,12772,610,5265,2698,2567,10,5,5
LCK,LSB,2021-01-22,22.016666666666666,Bot,Leo,145,1,4,1,4,10198,213,8,4,0,8177,5446,2519,3086,7009,4082,2666,19,10,2
LCK,LSB,2021-01-22,22.016666666666666,Support,Effort,111,1,2,1,9,6654,35,0,0,0,3408,975,2142,1210,6154,2913,2939,29,13,12
LCK,DRX,2021-01-22,22.016666666666666,Top,Kingen,517,0,1,5,2,6656,148,0,0,0,9246,701,8544,3845,15997,11100,3717,8,1,3
LCK,DRX,2021-01-22,22.016666666666666,Jungle,Pyosik,104,0,1,4,3,7974,21,139,104,5,7750,6805,353,2947,12103,7312,2966,11,7,6
LCK,DRX,2021-01-22,22.016666666666666,Mid,SOLKA,142,0,1,5,1,7151,181,4,4,0,9030,545,7537,1689,12338,5668,5963,15,2,9
LCK,DRX,2021-01-22,22.016666666666666,Bot,BAO,360,0,1,3,0,7260,190,0,0,0,4851,4174,676,1516,8828,5206,2138,12,5,5
LCK,DRX,2021-01-22,22.016666666666666,Support,Becca,12,0,0,3,2,4477,34,0,0,0,2694,116,2422,1450,9230,3595,4372,33,11,10
