League,team,date,min,role,name,hero,win,kills,deaths,assists,goldEarned,totalMinionsKilled,neutralMinionsKilled,neutralMinionsKilledTeamJungle,neutralMinionsKilledEnemyJungle,totalDamageDealtToChampions,physicalDamageDealtToChampions,magicDamageDealtToChampions,totalHeal,totalDamageTaken,physicalDamageTaken,magicalDamageTaken,wardsPlaced,wardsKilled,visionWardsBoughtInGame
LEC,G2,2021-03-06,35.083333333333336,Top,Wunder,43,1,2,1,7,13007,216,28,16,5,22553,3002,19376,3046,15068,9402,4730,15,3,4
LEC,G2,2021-03-06,35.083333333333336,Jungle,Jankos,120,1,4,3,7,12028,34,162,101,21,12542,8612,2959,18928,36677,25892,9930,7,12,8
LEC,G2,2021-03-06,35.083333333333336,Mid,Caps,4,1,6,2,10,15571,249,15,11,0,16273,1537,14485,3684,15182,9390,4950,11,2,2
LEC,G2,2021-03-06,35.083333333333336,Bot,Rekkles,145,1,9,1,4,18222,313,52,29,4,24889,16871,6600,8735,14624,9374,4631,36,23,4
LEC,G2,2021-03-06,35.083333333333336,Support,Mikyx,111,1,1,4,12,8988,32,4,0,0,8151,1659,5646,3063,20424,11582,7796,58,5,19
LEC,MSF,2021-03-06,35.083333333333336,Top,HiRit,14,0,1,5,7,9946,203,8,8,0,7180,3876,3303,2360,31267,15211,14595,9,7,6
LEC,MSF,2021-03-06,35.083333333333336,Jungle,Razork,876,0,3,6,5,11287,50,171,127,10,17790,409,13086,13011,33091,17105,15495,7,11,7
LEC,MSF,2021-03-06,35.083333333333336,Mid,Vetheo,236,0,2,6,4,13350,304,12,7,0,14131,12152,1979,1790,18999,10650,7976,10,8,4
LEC,MSF,2021-03-06,35.083333333333336,Bot,Kobbe,51,0,4,2,5,15843,303,16,16,0,18670,17038,1632,6351,15316,8279,6533,11,6,4
LEC,MSF,2021-03-06,35.083333333333336,Support,Vander,201,0,1,3,10,7524,32,0,0,0,7719,513,7206,3862,17696,8111,8755,60,9,19
