League,team,date,min,role,name,hero,win,kills,deaths,assists,goldEarned,totalMinionsKilled,neutralMinionsKilled,neutralMinionsKilledTeamJungle,neutralMinionsKilledEnemyJungle,totalDamageDealtToChampions,physicalDamageDealtToChampions,magicDamageDealtToChampions,totalHeal,totalDamageTaken,physicalDamageTaken,magicalDamageTaken,wardsPlaced,wardsKilled,visionWardsBoughtInGame
LCK,NS,2021-01-29,39.15,Top,Rich,79,0,3,5,6,12516,246,4,0,0,23137,2738,20398,14636,34922,12931,19995,21,8,9
LCK,NS,2021-01-29,39.15,Jungle,Peanut,104,0,1,1,7,11836,51,204,151,4,11407,9685,1231,8062,18183,9475,8409,13,35,10
LCK,NS,2021-01-29,39.15,Mid,Bay,268,0,2,2,5,15099,344,28,24,0,17967,1905,16062,2675,15327,6604,7151,32,10,21
LCK,NS,2021-01-29,39.15,Bot,deokdam,145,0,6,3,3,17125,352,44,38,0,20692,15294,4613,9111,19455,8976,10264,17,15,5
LCK,NS,2021-01-29,39.15,Support,Kellin,12,0,0,1,9,7442,32,0,0,0,5155,588,3767,5657,15890,6308,7254,89,4,31
LCK,AF,2021-01-29,39.15,Top,Kiin,517,1,3,1,7,16314,306,36,21,0,32206,489,31566,15769,30630,16354,13483,21,8,7
LCK,AF,2021-01-29,39.15,Jungle,Dread,2,1,3,2,8,12827,62,152,109,8,15452,10721,0,20575,37386,20910,16130,20,28,18
LCK,AF,2021-01-29,39.15,Mid,Fly,61,1,2,3,6,14351,307,22,13,6,13354,396,12958,2382,13928,6333,7367,19,11,10
LCK,AF,2021-01-29,39.15,Bot,Bang,360,1,4,3,4,16052,305,36,33,0,11689,9844,1525,7414,22505,13122,8711,19,18,7
LCK,AF,2021-01-29,39.15,Support,Lehends,497,1,0,3,10,8156,29,0,0,0,7144,853,5083,4734,10446,5643,4766,81,20,27
