League,team,date,min,role,name,hero,win,kills,deaths,assists,goldEarned,totalMinionsKilled,neutralMinionsKilled,neutralMinionsKilledTeamJungle,neutralMinionsKilledEnemyJungle,totalDamageDealtToChampions,physicalDamageDealtToChampions,magicDamageDealtToChampions,totalHeal,totalDamageTaken,physicalDamageTaken,magicalDamageTaken,wardsPlaced,wardsKilled,visionWardsBoughtInGame
LCK,NS,2021-02-03,35.81666666666667,Top,Rich,58,1,4,2,12,15286,274,0,0,0,13377,10882,2427,12358,37193,23213,12736,11,5,6
LCK,NS,2021-02-03,35.81666666666667,Jungle,Peanut,76,1,7,0,10,15036,35,224,149,31,28297,1316,26195,32117,35155,28904,6250,8,23,6
LCK,NS,2021-02-03,35.81666666666667,Mid,Bay,875,1,2,1,10,11625,200,0,0,0,9516,8135,248,5546,27541,18448,8917,17,8,11
LCK,NS,2021-02-03,35.81666666666667,Bot,deokdam,145,1,8,2,5,16616,325,20,13,0,14340,10142,3719,6904,17229,12602,4116,16,20,8
LCK,NS,2021-02-03,35.81666666666667,Support,Kellin,526,1,0,2,15,8186,38,0,0,0,5788,187,4716,2628,13491,9934,3416,70,11,19
LCK,T1,2021-02-03,35.81666666666667,Top,Zeus,126,0,2,6,3,13275,278,35,8,13,25130,21887,3242,5170,20192,9477,10195,14,8,3
LCK,T1,2021-02-03,35.81666666666667,Jungle,Ellim,77,0,1,3,3,10457,39,163,111,8,6508,1540,3754,14294,31045,18023,12056,19,19,17
LCK,T1,2021-02-03,35.81666666666667,Mid,Faker,4,0,1,5,2,11530,215,6,4,1,20976,2627,18079,1972,18944,11197,7175,8,0,4
LCK,T1,2021-02-03,35.81666666666667,Bot,Teddy,498,0,3,4,4,16737,348,40,32,0,27190,24501,2102,2737,15274,10993,3705,19,12,8
LCK,T1,2021-02-03,35.81666666666667,Support,Keria,412,0,0,3,6,7426,30,0,0,0,4023,419,3604,2728,13685,6610,6358,66,10,23
