League,team,date,min,role,name,hero,win,kills,deaths,assists,goldEarned,totalMinionsKilled,neutralMinionsKilled,neutralMinionsKilledTeamJungle,neutralMinionsKilledEnemyJungle,totalDamageDealtToChampions,physicalDamageDealtToChampions,magicDamageDealtToChampions,totalHeal,totalDamageTaken,physicalDamageTaken,magicalDamageTaken,wardsPlaced,wardsKilled,visionWardsBoughtInGame
LCS,DIG,2021-02-13,30.566666666666666,Top,FakeGod,58,1,2,3,5,11583,255,2,1,0,8507,7386,779,5555,20754,11038,8193,13,7,4
LCS,DIG,2021-02-13,30.566666666666666,Jungle,Dardoch,120,1,2,2,7,11001,21,179,107,24,8688,6771,1624,21348,35636,25165,8826,10,13,9
LCS,DIG,2021-02-13,30.566666666666666,Mid,Soligo,61,1,3,0,8,12769,263,24,20,0,10078,296,9256,1173,6282,2782,3163,12,4,6
LCS,DIG,2021-02-13,30.566666666666666,Bot,Neo,429,1,6,0,4,15774,278,25,12,9,10956,9145,569,3409,8350,6663,899,16,20,8
LCS,DIG,2021-02-13,30.566666666666666,Support,aphromoo,412,1,3,0,10,8848,34,0,0,0,4474,568,3338,3364,7721,5178,2064,33,14,14
LCS,IMT,2021-02-13,30.566666666666666,Top,Revenge,150,0,0,3,5,10769,236,4,4,0,14609,12133,2475,3123,15770,9439,5163,15,3,7
LCS,IMT,2021-02-13,30.566666666666666,Jungle,Xerxe,876,0,2,2,2,9969,17,175,118,12,8380,485,5358,10772,23512,16225,6995,7,9,8
LCS,IMT,2021-02-13,30.566666666666666,Mid,Insanity,268,0,1,3,2,12046,291,20,15,0,10397,98,9893,1418,10768,6780,3706,14,7,6
LCS,IMT,2021-02-13,30.566666666666666,Bot,Raes,523,0,2,6,1,10654,211,11,9,0,8526,6794,315,2575,11645,8192,2997,15,1,7
LCS,IMT,2021-02-13,30.566666666666666,Support,Destiny,111,0,0,2,3,6035,41,0,0,0,3317,819,2088,943,7780,5492,1517,57,10,16
