League,team,date,min,role,name,hero,win,kills,deaths,assists,goldEarned,totalMinionsKilled,neutralMinionsKilled,neutralMinionsKilledTeamJungle,neutralMinionsKilledEnemyJungle,totalDamageDealtToChampions,physicalDamageDealtToChampions,magicDamageDealtToChampions,totalHeal,totalDamageTaken,physicalDamageTaken,magicalDamageTaken,wardsPlaced,wardsKilled,visionWardsBoughtInGame
LCK,DRX,2021-02-19,29.983333333333334,Top,Kingen,126,1,3,0,8,12408,250,7,4,3,24425,21935,2490,3925,11469,7903,2874,14,4,5
LCK,DRX,2021-02-19,29.983333333333334,Jungle,Pyosik,77,1,3,0,8,12623,28,206,117,32,10231,3772,5643,14600,27968,18637,7222,12,20,11
LCK,DRX,2021-02-19,29.983333333333334,Mid,SOLKA,147,1,2,0,8,10973,210,23,17,0,11411,1241,9995,10003,7173,2027,4915,17,8,6
LCK,DRX,2021-02-19,29.983333333333334,Bot,BAO,498,1,4,1,2,13444,257,16,8,8,11401,10475,0,1169,4829,3219,1382,16,5,5
LCK,DRX,2021-02-19,29.983333333333334,Support,Becca,412,1,0,1,9,7446,45,0,0,0,1680,190,1489,415,7937,3681,3522,54,21,22
LCK,T1,2021-02-19,29.983333333333334,Top,Zeus,58,0,0,4,1,7468,147,5,4,0,5181,4364,816,5309,23738,16799,6285,9,2,3
LCK,T1,2021-02-19,29.983333333333334,Jungle,Ellim,2,0,0,1,1,8456,20,143,94,10,5324,3124,0,13815,27117,18622,8019,8,8,6
LCK,T1,2021-02-19,29.983333333333334,Mid,Faker,61,0,1,2,1,11725,269,21,16,0,14015,723,13292,1055,12107,8702,3355,17,5,8
LCK,T1,2021-02-19,29.983333333333334,Bot,Gumayusi,145,0,1,2,1,11698,301,12,8,4,7597,5165,1093,4685,13135,11592,1187,28,14,7
LCK,T1,2021-02-19,29.983333333333334,Support,Keria,526,0,0,3,2,5895,36,0,0,0,1869,128,1288,966,9580,6281,2915,52,11,22
