League,team,date,min,role,name,hero,win,kills,deaths,assists,goldEarned,totalMinionsKilled,neutralMinionsKilled,neutralMinionsKilledTeamJungle,neutralMinionsKilledEnemyJungle,totalDamageDealtToChampions,physicalDamageDealtToChampions,magicDamageDealtToChampions,totalHeal,totalDamageTaken,physicalDamageTaken,magicalDamageTaken,wardsPlaced,wardsKilled,visionWardsBoughtInGame
LCK,BRO,2021-01-21,33.516666666666666,Top,Hoya,516,1,1,1,9,11127,241,0,0,0,8297,3205,5091,1733,23836,13484,8840,25,3,13
LCK,BRO,2021-01-21,33.516666666666666,Jungle,UmTi,104,1,9,1,5,15060,61,198,115,20,21114,18794,984,9705,21397,11687,9421,56,30,15
LCK,BRO,2021-01-21,33.516666666666666,Mid,Lava,142,1,2,1,11,12145,230,12,12,0,23060,1809,18529,5418,15046,7044,7282,18,12,7
LCK,BRO,2021-01-21,33.516666666666666,Bot,Hena,145,1,4,2,6,15279,307,22,18,0,13637,9201,2806,4685,13952,7980,4653,15,9,5
LCK,BRO,2021-01-21,33.516666666666666,Support,Delight,12,1,0,3,14,7760,38,0,0,0,5039,555,3917,9690,18026,7424,7499,57,11,15
LCK,DK,2021-01-21,33.516666666666666,Top,Khan,10,0,3,4,2,13074,239,32,4,16,16782,9007,7056,3939,21859,12403,8976,20,8,12
LCK,DK,2021-01-21,33.516666666666666,Jungle,Canyon,2,0,2,2,5,11650,18,177,126,3,13998,10073,0,23232,37582,25049,10433,12,16,12
LCK,DK,2021-01-21,33.516666666666666,Mid,ShowMaker,134,0,1,3,6,10678,207,22,16,6,21790,862,20927,3688,14249,6006,7297,18,4,6
LCK,DK,2021-01-21,33.516666666666666,Bot,Ghost,523,0,1,2,4,12981,308,20,20,0,9025,7189,512,5103,11051,6112,4071,17,14,9
LCK,DK,2021-01-21,33.516666666666666,Support,BeryL,3,0,1,5,6,7638,49,4,4,0,8449,0,7475,1949,18137,10915,5363,57,19,17
