League,team,date,min,role,name,hero,win,kills,deaths,assists,goldEarned,totalMinionsKilled,neutralMinionsKilled,neutralMinionsKilledTeamJungle,neutralMinionsKilledEnemyJungle,totalDamageDealtToChampions,physicalDamageDealtToChampions,magicDamageDealtToChampions,totalHeal,totalDamageTaken,physicalDamageTaken,magicalDamageTaken,wardsPlaced,wardsKilled,visionWardsBoughtInGame
LCK,DRX,2021-02-19,33.21666666666667,Top,Kingen,126,1,2,2,8,13250,213,28,12,0,17671,14902,2768,4264,15277,11715,3275,19,7,9
LCK,DRX,2021-02-19,33.21666666666667,Jungle,Pyosik,203,1,0,2,7,12724,34,217,132,32,6298,2793,2882,14399,24377,18582,5354,7,26,6
LCK,DRX,2021-02-19,33.21666666666667,Mid,SOLKA,142,1,2,0,9,12989,265,16,16,0,17514,1020,14631,3685,11756,5294,6462,21,11,9
LCK,DRX,2021-02-19,33.21666666666667,Bot,BAO,145,1,6,1,4,15374,296,20,12,4,14319,9240,4750,6731,16067,13552,2515,14,8,1
LCK,DRX,2021-02-19,33.21666666666667,Support,Becca,12,1,2,1,8,8232,33,0,0,0,2417,81,1786,8044,12003,6412,4531,67,7,23
LCK,T1,2021-02-19,33.21666666666667,Top,Zeus,150,0,3,3,1,9984,191,6,6,0,9255,8501,754,2229,19561,10888,8230,7,3,2
LCK,T1,2021-02-19,33.21666666666667,Jungle,Ellim,2,0,0,2,5,9419,19,167,116,4,3893,2679,100,11666,22951,14589,7627,12,4,11
LCK,T1,2021-02-19,33.21666666666667,Mid,Faker,61,0,0,2,4,10811,253,12,9,0,13441,660,12781,318,9942,3616,5240,19,14,7
LCK,T1,2021-02-19,33.21666666666667,Bot,Gumayusi,498,0,2,2,4,14145,333,28,24,4,13164,12543,446,1660,15804,10529,4919,18,15,11
LCK,T1,2021-02-19,33.21666666666667,Support,Keria,497,0,1,3,5,7073,20,0,0,0,4749,460,3791,2551,11208,7652,2809,60,18,27
