League,team,date,min,role,name,hero,win,kills,deaths,assists,goldEarned,totalMinionsKilled,neutralMinionsKilled,neutralMinionsKilledTeamJungle,neutralMinionsKilledEnemyJungle,totalDamageDealtToChampions,physicalDamageDealtToChampions,magicDamageDealtToChampions,totalHeal,totalDamageTaken,physicalDamageTaken,magicalDamageTaken,wardsPlaced,wardsKilled,visionWardsBoughtInGame
LEC,MAD,2021-02-06,28.116666666666667,Top,Armut,266,1,3,1,3,11793,209,20,5,10,12130,12130,0,10615,20738,11504,8664,12,7,3
LEC,MAD,2021-02-06,28.116666666666667,Jungle,Elyoya,2,1,6,1,4,11972,35,167,110,15,10949,7259,0,15420,30272,21185,6888,10,13,8
LEC,MAD,2021-02-06,28.116666666666667,Mid,Humanoid,268,1,2,2,6,11277,181,38,29,6,15241,1171,14070,2221,11677,6736,4571,12,3,4
LEC,MAD,2021-02-06,28.116666666666667,Bot,Carzzy,147,1,0,0,10,9473,185,5,4,1,9524,1529,7994,9727,3355,2251,1104,15,7,8
LEC,MAD,2021-02-06,28.116666666666667,Support,Kaiser,111,1,0,3,8,6921,42,0,0,0,4114,709,3405,1064,11210,5471,4335,44,10,18
LEC,VIT,2021-02-06,28.116666666666667,Top,Szygenda,79,0,0,2,2,7485,143,0,0,0,5692,861,4831,8752,18125,11511,5711,13,6,4
LEC,VIT,2021-02-06,28.116666666666667,Jungle,Skeanz,80,0,3,3,4,9226,22,138,102,0,8417,7259,598,11270,27349,18015,8438,10,4,11
LEC,VIT,2021-02-06,28.116666666666667,Mid,Milica,134,0,0,0,3,9605,227,12,9,0,13746,414,13332,85,7752,1762,5990,15,3,7
LEC,VIT,2021-02-06,28.116666666666667,Bot,Comp,145,0,3,2,2,12016,247,1,1,0,9397,6516,2191,3435,8565,5036,2990,14,5,5
LEC,VIT,2021-02-06,28.116666666666667,Support,Labrov,89,0,1,4,4,6040,38,0,0,0,2371,852,1228,252,10700,4336,5010,37,16,10
