League,team,date,min,role,name,hero,win,kills,deaths,assists,goldEarned,totalMinionsKilled,neutralMinionsKilled,neutralMinionsKilledTeamJungle,neutralMinionsKilledEnemyJungle,totalDamageDealtToChampions,physicalDamageDealtToChampions,magicDamageDealtToChampions,totalHeal,totalDamageTaken,physicalDamageTaken,magicalDamageTaken,wardsPlaced,wardsKilled,visionWardsBoughtInGame
LCS,GG,2021-02-06,30.866666666666667,Top,Niles,164,0,0,7,4,10624,216,1,0,0,6362,4163,518,2332,16545,9211,6914,13,3,5
LCS,GG,2021-02-06,30.866666666666667,Jungle,Iconic,77,0,3,0,0,12497,55,209,153,7,2802,941,1745,15751,24754,19368,5183,9,13,8
LCS,GG,2021-02-06,30.866666666666667,Mid,Ablazeolive,134,0,0,4,1,9303,215,19,16,0,4468,383,4084,1948,12511,6051,6189,14,4,6
LCS,GG,2021-02-06,30.866666666666667,Bot,Stixxay,145,0,1,3,0,10735,265,8,8,0,5684,3875,1809,2567,11702,7975,3461,12,7,7
LCS,GG,2021-02-06,30.866666666666667,Support,Newbie,89,0,1,1,2,6845,39,0,0,0,1251,245,855,1275,9849,3764,5687,58,15,22
LCS,C9,2021-02-06,30.866666666666667,Top,Fudge,24,1,4,2,6,12832,226,15,4,0,12670,9886,2784,3336,16961,12523,3200,15,6,6
LCS,C9,2021-02-06,30.866666666666667,Jungle,Blaber,163,1,5,2,6,12165,34,201,146,2,8533,555,7220,10849,18715,13252,4753,17,7,7
LCS,C9,2021-02-06,30.866666666666667,Mid,Perkz,268,1,2,0,6,12638,268,13,9,4,12088,596,11491,1474,6677,4299,2377,12,17,6
LCS,C9,2021-02-06,30.866666666666667,Bot,Zven,21,1,4,0,3,14450,300,24,16,4,13028,10896,1335,1018,3801,2970,831,19,15,9
LCS,C9,2021-02-06,30.866666666666667,Support,Vulcan,3,1,0,2,6,7126,27,0,0,0,2566,25,2541,1282,7281,6685,596,57,7,19
