League,team,date,min,role,name,hero,win,kills,deaths,assists,goldEarned,totalMinionsKilled,neutralMinionsKilled,neutralMinionsKilledTeamJungle,neutralMinionsKilledEnemyJungle,totalDamageDealtToChampions,physicalDamageDealtToChampions,magicDamageDealtToChampions,totalHeal,totalDamageTaken,physicalDamageTaken,magicalDamageTaken,wardsPlaced,wardsKilled,visionWardsBoughtInGame
LEC,AST,2021-02-19,38.583333333333336,Top,WhiteKnight,58,0,3,7,5,13066,274,16,7,0,14334,11237,3096,8969,34884,16058,18325,19,1,6
LEC,AST,2021-02-19,38.583333333333336,Jungle,Zanzarah,72,0,1,5,5,9813,10,129,89,9,4786,1537,2156,8108,26669,18487,7779,20,9,15
LEC,AST,2021-02-19,38.583333333333336,Mid,MagiFelix,42,0,6,6,2,16352,301,36,33,0,31965,3968,27853,476,17668,6163,11267,10,13,1
LEC,AST,2021-02-19,38.583333333333336,Bot,Jeskla,498,0,6,4,4,17301,340,37,28,4,33374,30495,1599,2442,16408,10418,5173,19,9,6
LEC,AST,2021-02-19,38.583333333333336,Support,promisq,89,0,1,4,12,8718,63,0,0,0,5311,915,3164,256,14014,6846,6912,63,30,16
LEC,G2,2021-02-19,38.583333333333336,Top,Wunder,79,1,4,3,12,15443,277,26,13,10,14256,1737,11858,15409,33170,19538,10206,13,6,0
LEC,G2,2021-02-19,38.583333333333336,Jungle,Jankos,59,1,1,5,19,13230,26,157,84,15,10234,8995,716,15868,35472,22450,12179,31,15,11
LEC,G2,2021-02-19,38.583333333333336,Mid,Caps,13,1,11,3,4,19408,295,67,35,25,27639,828,26710,9689,23014,13125,9331,17,5,5
LEC,G2,2021-02-19,38.583333333333336,Bot,Rekkles,202,1,9,2,8,19917,303,69,33,18,24928,21615,3062,7529,15807,10603,4808,12,12,4
LEC,G2,2021-02-19,38.583333333333336,Support,Mikyx,12,1,1,4,14,9991,39,0,0,0,5812,381,4751,8457,21613,14530,6557,75,8,21
