League,team,date,min,role,name,hero,win,kills,deaths,assists,goldEarned,totalMinionsKilled,neutralMinionsKilled,neutralMinionsKilledTeamJungle,neutralMinionsKilledEnemyJungle,totalDamageDealtToChampions,physicalDamageDealtToChampions,magicDamageDealtToChampions,totalHeal,totalDamageTaken,physicalDamageTaken,magicalDamageTaken,wardsPlaced,wardsKilled,visionWardsBoughtInGame
LEC,MSF,2021-02-06,33.083333333333336,Top,HiRit,150,0,1,5,2,9950,196,18,13,0,7277,5775,1501,2936,22392,16108,4500,15,3,10
LEC,MSF,2021-02-06,33.083333333333336,Jungle,Razork,2,0,3,4,3,10759,20,172,118,16,12132,9107,83,14576,30820,19998,9120,12,11,11
LEC,MSF,2021-02-06,33.083333333333336,Mid,Vetheo,134,0,1,3,4,13556,328,24,24,0,17456,1484,15971,1903,11922,8138,3338,9,4,2
LEC,MSF,2021-02-06,33.083333333333336,Bot,Kobbe,498,0,3,2,4,14343,309,18,15,0,14167,13302,865,2996,13002,7407,4967,11,11,2
LEC,MSF,2021-02-06,33.083333333333336,Support,Vander,497,0,1,5,5,6970,44,0,0,0,3749,650,2681,1861,13272,7301,5421,62,18,21
LEC,S04,2021-02-06,33.083333333333336,Top,BrokenBlade,41,1,5,2,9,16146,255,20,13,0,20659,14919,4433,3506,13427,10260,2946,14,3,9
LEC,S04,2021-02-06,33.083333333333336,Jungle,Gilius,80,1,3,3,13,12371,26,191,129,5,11928,10235,774,15540,31103,23010,6112,13,16,13
LEC,S04,2021-02-06,33.083333333333336,Mid,Abbedagge,245,1,4,0,7,14321,296,12,8,1,12258,1609,10537,10699,20356,12265,6488,15,6,4
LEC,S04,2021-02-06,33.083333333333336,Bot,Neon,145,1,7,2,9,16588,328,16,4,12,16245,9912,4262,8969,15917,11309,3667,11,16,2
LEC,S04,2021-02-06,33.083333333333336,Support,LIMIT,526,1,0,2,15,7749,29,0,0,0,5114,417,3999,2551,14016,8400,4997,61,8,18
