League,team,date,min,role,name,hero,win,kills,deaths,assists,goldEarned,totalMinionsKilled,neutralMinionsKilled,neutralMinionsKilledTeamJungle,neutralMinionsKilledEnemyJungle,totalDamageDealtToChampions,physicalDamageDealtToChampions,magicDamageDealtToChampions,totalHeal,totalDamageTaken,physicalDamageTaken,magicalDamageTaken,wardsPlaced,wardsKilled,visionWardsBoughtInGame
LCK,KT,2021-02-06,37.016666666666666,Top,Doran,41,1,3,0,11,18691,348,28,8,8,25432,18387,5006,12227,30971,21384,9529,17,4,4
LCK,KT,2021-02-06,37.016666666666666,Jungle,Bonnie,163,1,5,3,3,13123,34,175,130,3,10000,235,9142,10654,19583,15017,4566,45,18,14
LCK,KT,2021-02-06,37.016666666666666,Mid,Dove,134,1,4,1,8,16038,322,25,12,5,20729,949,19559,3063,11376,6567,4708,19,10,9
LCK,KT,2021-02-06,37.016666666666666,Bot,HyBriD,360,1,7,2,4,16922,309,23,10,6,16446,13417,2182,8973,26152,15212,10323,16,19,7
LCK,KT,2021-02-06,37.016666666666666,Support,Zzus,526,1,1,1,14,9389,33,0,0,0,4964,329,4095,4238,15702,8968,6547,70,12,24
LCK,AF,2021-02-06,37.016666666666666,Top,Kiin,150,0,0,4,3,13672,313,20,1,8,11151,9399,1751,4650,30436,15692,13112,15,22,9
LCK,AF,2021-02-06,37.016666666666666,Jungle,Dread,30,0,4,4,2,14134,77,199,161,8,24232,90,23259,12483,27166,17274,9579,10,27,9
LCK,AF,2021-02-06,37.016666666666666,Mid,Fly,80,0,1,4,2,11341,247,7,1,0,9765,8458,1306,4798,27552,15563,10376,12,1,7
LCK,AF,2021-02-06,37.016666666666666,Bot,Bang,498,0,2,3,3,15929,346,22,13,4,16419,14968,1372,5380,16195,11473,4524,19,19,6
LCK,AF,2021-02-06,37.016666666666666,Support,Lehends,117,0,0,5,5,7749,37,0,0,0,4189,688,3500,2294,11813,5434,5868,61,25,18
