League,team,date,min,role,name,hero,win,kills,deaths,assists,goldEarned,totalMinionsKilled,neutralMinionsKilled,neutralMinionsKilledTeamJungle,neutralMinionsKilledEnemyJungle,totalDamageDealtToChampions,physicalDamageDealtToChampions,magicDamageDealtToChampions,totalHeal,totalDamageTaken,physicalDamageTaken,magicalDamageTaken,wardsPlaced,wardsKilled,visionWardsBoughtInGame
LEC,G2,2021-02-20,33.65,Top,Wunder,79,1,1,1,12,12425,232,10,3,4,13168,1546,11129,14190,26079,19207,4310,13,2,2
LEC,G2,2021-02-20,33.65,Jungle,Jankos,76,1,7,3,6,14480,40,187,112,18,19231,858,17354,20312,31386,21480,9505,11,20,10
LEC,G2,2021-02-20,33.65,Mid,Caps,236,1,2,0,9,15222,295,44,28,16,21758,18154,1539,1018,16478,8477,7682,6,11,2
LEC,G2,2021-02-20,33.65,Bot,Rekkles,235,1,8,1,10,13716,55,17,12,0,29743,25097,537,13167,9870,7394,2375,34,18,2
LEC,G2,2021-02-20,33.65,Support,Mikyx,14,1,1,4,12,11644,186,19,15,4,9583,6365,2844,2242,26479,19655,6026,19,4,10
LEC,S04,2021-02-20,33.65,Top,BrokenBlade,266,0,5,2,3,14941,278,18,10,1,22597,22268,328,17975,34673,19787,10633,17,7,14
LEC,S04,2021-02-20,33.65,Jungle,Gilius,72,0,2,5,5,9394,17,126,92,0,3351,1064,1226,5804,22891,15905,5655,7,7,6
LEC,S04,2021-02-20,33.65,Mid,Abbedagge,268,0,1,5,4,12962,284,24,19,0,17969,1806,16162,2162,21049,12840,7166,15,7,5
LEC,S04,2021-02-20,33.65,Bot,Neon,81,0,1,3,5,11742,266,8,8,0,22563,15907,6487,4002,17619,10638,6800,17,4,8
LEC,S04,2021-02-20,33.65,Support,LIMIT,89,0,0,4,5,6681,39,0,0,0,4510,806,2754,690,19466,12811,5402,65,6,13
