League,team,date,min,role,name,hero,win,kills,deaths,assists,goldEarned,totalMinionsKilled,neutralMinionsKilled,neutralMinionsKilledTeamJungle,neutralMinionsKilledEnemyJungle,totalDamageDealtToChampions,physicalDamageDealtToChampions,magicDamageDealtToChampions,totalHeal,totalDamageTaken,physicalDamageTaken,magicalDamageTaken,wardsPlaced,wardsKilled,visionWardsBoughtInGame
LCS,FLY,2021-02-13,28.483333333333334,Top,Licorice,31,1,6,0,3,12535,223,11,5,0,10836,1708,5630,9062,22127,12618,7584,12,8,5
LCS,FLY,2021-02-13,28.483333333333334,Jungle,Josedeodo,104,1,1,2,9,11125,30,188,130,23,10549,9511,508,7194,19561,12529,5903,8,18,10
LCS,FLY,2021-02-13,28.483333333333334,Mid,Palafox,777,1,9,2,4,13252,244,8,0,0,23758,15239,4877,6411,20818,8352,10505,10,5,7
LCS,FLY,2021-02-13,28.483333333333334,Bot,Johnsun,21,1,3,0,10,12520,242,0,0,0,14030,10607,2770,4118,6565,3085,3403,15,9,7
LCS,FLY,2021-02-13,28.483333333333334,Support,Diamond,147,1,1,2,10,8378,30,0,0,0,5355,688,4666,4045,5133,962,4101,30,3,10
LCS,CLG,2021-02-13,28.483333333333334,Top,Finn,41,0,0,5,3,9719,220,8,8,0,12527,7780,2660,4623,18454,12166,4753,13,1,5
LCS,CLG,2021-02-13,28.483333333333334,Jungle,Griffin,163,0,3,4,3,10158,26,161,117,8,12658,458,11244,8407,18794,14566,3335,8,10,8
LCS,CLG,2021-02-13,28.483333333333334,Mid,rjs,517,0,1,5,5,10128,233,0,0,0,13436,490,12340,6313,21915,13960,4816,9,3,4
LCS,CLG,2021-02-13,28.483333333333334,Bot,WildTurtle,145,0,2,4,1,11093,245,24,15,4,6236,4705,1322,4049,17210,11749,4573,10,5,3
LCS,CLG,2021-02-13,28.483333333333334,Support,Smoothie,12,0,0,2,3,5466,29,0,0,0,1789,102,1385,2893,9739,5203,2667,47,9,16
