League,team,date,min,role,name,hero,win,kills,deaths,assists,goldEarned,totalMinionsKilled,neutralMinionsKilled,neutralMinionsKilledTeamJungle,neutralMinionsKilledEnemyJungle,totalDamageDealtToChampions,physicalDamageDealtToChampions,magicDamageDealtToChampions,totalHeal,totalDamageTaken,physicalDamageTaken,magicalDamageTaken,wardsPlaced,wardsKilled,visionWardsBoughtInGame
LCK,KT,2021-01-22,28.866666666666667,Top,Doran,150,0,2,2,1,10981,268,10,7,0,19683,16885,2797,7012,23099,16572,5989,14,8,6
LCK,KT,2021-01-22,28.866666666666667,Jungle,Bonnie,876,0,2,2,0,8870,35,146,123,0,8329,339,5555,9740,24946,17116,7638,21,7,9
LCK,KT,2021-01-22,28.866666666666667,Mid,Ucal,777,0,1,4,1,9735,218,13,7,0,7649,4830,1623,2457,12460,7334,4694,8,6,1
LCK,KT,2021-01-22,28.866666666666667,Bot,HyBriD,360,0,0,6,2,8400,195,12,12,0,9696,8351,928,1876,16520,10767,5480,9,8,1
LCK,KT,2021-01-22,28.866666666666667,Support,Zzus,12,0,0,5,2,5231,24,0,0,0,2014,148,1435,2490,11764,6610,4742,50,8,21
LCK,HLE,2021-01-22,28.866666666666667,Top,Morgan,58,1,4,1,4,11491,224,8,0,0,10313,9095,1218,8736,24925,19724,4275,10,8,8
LCK,HLE,2021-01-22,28.866666666666667,Jungle,Arthur,120,1,4,2,10,11138,36,152,100,2,9974,8105,1647,18861,29529,21395,6732,14,12,14
LCK,HLE,2021-01-22,28.866666666666667,Mid,Chovy,4,1,4,0,9,14485,256,24,13,4,13997,1933,11913,3230,9935,6181,2891,7,15,5
LCK,HLE,2021-01-22,28.866666666666667,Bot,Deft,145,1,6,1,9,13629,254,21,17,4,23761,16589,6131,8158,13524,9992,3027,24,10,2
LCK,HLE,2021-01-22,28.866666666666667,Support,Vsta,3,1,1,1,11,6828,32,0,0,0,5134,44,4656,1325,9147,6840,525,38,11,12
