League,team,date,min,role,name,hero,win,kills,deaths,assists,goldEarned,totalMinionsKilled,neutralMinionsKilled,neutralMinionsKilledTeamJungle,neutralMinionsKilledEnemyJungle,totalDamageDealtToChampions,physicalDamageDealtToChampions,magicDamageDealtToChampions,totalHeal,totalDamageTaken,physicalDamageTaken,magicalDamageTaken,wardsPlaced,wardsKilled,visionWardsBoughtInGame
LCK,T1,2021-02-21,24.083333333333332,Top,Zeus,14,1,0,1,9,8693,168,0,0,0,15223,9634,5588,4989,24193,10887,11935,11,2,6
LCK,T1,2021-02-21,24.083333333333332,Jungle,Oner,76,1,4,2,10,10233,19,151,82,19,13465,1749,11209,18072,25073,17725,7115,19,8,7
LCK,T1,2021-02-21,24.083333333333332,Mid,Clozer,142,1,6,0,7,11644,203,13,12,1,17559,2186,13372,5433,11822,5249,5447,6,3,0
LCK,T1,2021-02-21,24.083333333333332,Bot,Teddy,145,1,6,0,3,11845,222,23,5,8,13168,9236,2528,5552,9885,6962,2823,21,10,3
LCK,T1,2021-02-21,24.083333333333332,Support,Keria,12,1,1,2,10,6500,28,0,0,0,3776,533,2554,5777,12998,4974,6715,39,7,13
LCK,LSB,2021-02-21,24.083333333333332,Top,Summit,79,0,1,5,2,7330,168,0,0,0,15903,3364,12538,11020,27454,13762,12558,7,3,3
LCK,LSB,2021-02-21,24.083333333333332,Jungle,OnFleek,77,0,0,4,2,6786,24,114,99,1,4485,2069,1867,8940,22345,11664,9418,7,18,6
LCK,LSB,2021-02-21,24.083333333333332,Mid,FATE,61,0,3,3,2,9142,206,8,8,0,16226,846,15236,0,10412,4158,5427,12,5,5
LCK,LSB,2021-02-21,24.083333333333332,Bot,Prince,360,0,1,1,0,8263,211,3,2,0,6822,6373,449,2081,11243,6680,3979,11,14,4
LCK,LSB,2021-02-21,24.083333333333332,Support,Effort,111,0,0,4,2,4897,29,0,0,0,2918,736,1737,220,12122,5262,6067,27,5,11
