League,team,date,min,role,name,hero,win,kills,deaths,assists,goldEarned,totalMinionsKilled,neutralMinionsKilled,neutralMinionsKilledTeamJungle,neutralMinionsKilledEnemyJungle,totalDamageDealtToChampions,physicalDamageDealtToChampions,magicDamageDealtToChampions,totalHeal,totalDamageTaken,physicalDamageTaken,magicalDamageTaken,wardsPlaced,wardsKilled,visionWardsBoughtInGame
LCS,EG,2021-02-07,28.183333333333334,Top,Impact,517,1,2,2,12,10299,179,4,4,0,14322,1751,12570,6080,18263,10949,6660,10,4,4
LCS,EG,2021-02-07,28.183333333333334,Jungle,Svenskeren,77,1,6,1,9,12148,39,167,94,19,5126,2277,2361,17699,28968,21411,6189,9,16,8
LCS,EG,2021-02-07,28.183333333333334,Mid,Jiizuke,61,1,3,2,14,12621,251,28,20,4,15050,993,13853,1799,13808,6332,6351,11,4,5
LCS,EG,2021-02-07,28.183333333333334,Bot,Deftly,145,1,11,0,5,15945,242,36,12,16,16386,11790,3665,6365,10862,6443,4176,15,5,2
LCS,EG,2021-02-07,28.183333333333334,Support,IgNar,111,1,0,1,14,7462,38,0,0,0,4416,1007,2966,1292,8307,4552,3407,42,11,15
LCS,GG,2021-02-07,28.183333333333334,Top,Niles,150,0,0,7,5,8586,200,2,2,0,9592,8783,809,3229,20526,7730,12097,9,5,2
LCS,GG,2021-02-07,28.183333333333334,Jungle,Iconic,163,0,1,2,4,8742,37,140,115,1,11196,508,9980,7738,20536,11904,8272,5,10,4
LCS,GG,2021-02-07,28.183333333333334,Mid,Ablazeolive,112,0,2,5,2,10542,241,14,6,4,10578,289,10289,1055,11772,4893,6534,13,3,6
LCS,GG,2021-02-07,28.183333333333334,Bot,Stixxay,498,0,2,3,2,10093,244,4,4,0,10743,9755,728,1894,10555,5425,4927,10,12,5
LCS,GG,2021-02-07,28.183333333333334,Support,Newbie,12,0,1,5,3,6148,34,0,0,0,3137,208,2160,2587,11929,5772,5698,50,10,19
