League,team,date,min,role,name,hero,win,kills,deaths,assists,goldEarned,totalMinionsKilled,neutralMinionsKilled,neutralMinionsKilledTeamJungle,neutralMinionsKilledEnemyJungle,totalDamageDealtToChampions,physicalDamageDealtToChampions,magicDamageDealtToChampions,totalHeal,totalDamageTaken,physicalDamageTaken,magicalDamageTaken,wardsPlaced,wardsKilled,visionWardsBoughtInGame
LCS,CLG,2021-03-07,36.03333333333333,Top,Finn,14,0,3,3,5,14079,286,18,3,0,19702,10234,9156,3501,32972,15721,13327,17,6,8
LCS,CLG,2021-03-07,36.03333333333333,Jungle,Broxah,25,0,3,4,6,11442,31,181,138,0,14745,423,13033,15995,28666,19564,7580,29,15,10
LCS,CLG,2021-03-07,36.03333333333333,Mid,Pobelter,236,0,3,9,4,13855,261,16,16,0,16079,12933,1970,1521,21975,11750,7225,13,10,5
LCS,CLG,2021-03-07,36.03333333333333,Bot,WildTurtle,18,0,1,4,4,14838,369,20,20,0,9213,6474,1098,6202,17176,11009,4577,26,30,3
LCS,CLG,2021-03-07,36.03333333333333,Support,Smoothie,526,0,2,4,8,7679,34,0,0,0,5079,259,4311,471,10679,4450,4592,68,7,22
LCS,FLY,2021-03-07,36.03333333333333,Top,Licorice,98,1,8,1,9,15280,239,12,1,1,15046,5652,8751,2385,18931,11789,6831,21,4,9
LCS,FLY,2021-03-07,36.03333333333333,Jungle,Josedeodo,876,1,4,1,12,14272,69,203,159,9,19636,379,13485,17291,32135,20907,10784,15,14,13
LCS,FLY,2021-03-07,36.03333333333333,Mid,Palafox,777,1,4,3,13,16656,296,39,14,9,19983,14129,4084,5066,14439,9216,3588,20,8,10
LCS,FLY,2021-03-07,36.03333333333333,Bot,Johnsun,145,1,7,3,7,17267,340,34,24,6,20808,14730,3583,8230,19032,11192,6586,35,24,4
LCS,FLY,2021-03-07,36.03333333333333,Support,Diamond,12,1,1,4,14,8971,43,0,0,0,5751,598,4161,7403,18461,10507,6596,49,20,13
