League,team,date,min,role,name,hero,win,kills,deaths,assists,goldEarned,totalMinionsKilled,neutralMinionsKilled,neutralMinionsKilledTeamJungle,neutralMinionsKilledEnemyJungle,totalDamageDealtToChampions,physicalDamageDealtToChampions,magicDamageDealtToChampions,totalHeal,totalDamageTaken,physicalDamageTaken,magicalDamageTaken,wardsPlaced,wardsKilled,visionWardsBoughtInGame
LEC,VIT,2021-01-30,40.483333333333334,Top,Szygenda,150,0,0,1,6,12950,270,17,9,0,21474,17214,4260,9281,31795,17336,11594,27,8,13
LEC,VIT,2021-01-30,40.483333333333334,Jungle,Skeanz,77,0,2,1,2,12501,47,182,135,7,6097,1834,2865,15468,29751,18080,10641,16,15,15
LEC,VIT,2021-01-30,40.483333333333334,Mid,Milica,4,0,1,4,2,13048,264,0,0,0,15358,880,13589,1050,18002,8666,8497,22,6,7
LEC,VIT,2021-01-30,40.483333333333334,Bot,Comp,67,0,2,3,2,16944,379,40,20,4,11816,7846,31,7036,15586,9451,4657,20,21,8
LEC,VIT,2021-01-30,40.483333333333334,Support,Labrov,201,0,2,5,4,8496,38,0,0,0,6029,747,5282,1328,19485,8520,9598,63,16,21
LEC,RGE,2021-01-30,40.483333333333334,Top,Odoamne,58,1,1,1,6,15758,316,32,18,0,8161,6778,1140,17989,35831,25016,8348,19,6,5
LEC,RGE,2021-01-30,40.483333333333334,Jungle,Inspired,59,1,4,2,9,13333,42,145,93,16,10980,7762,1143,16344,30245,22326,6413,12,25,11
LEC,RGE,2021-01-30,40.483333333333334,Mid,Larssen,13,1,3,1,7,17655,343,49,37,5,28364,385,25959,8311,15939,8459,6860,16,4,3
LEC,RGE,2021-01-30,40.483333333333334,Bot,Hans,145,1,6,0,6,19635,340,78,43,20,28694,17283,8733,11602,16619,11860,4468,35,14,4
LEC,RGE,2021-01-30,40.483333333333334,Support,Trymbi,526,1,0,3,11,9708,41,0,0,0,5612,428,4644,3587,11089,6147,3601,71,20,19
