League,team,date,min,role,name,hero,win,kills,deaths,assists,goldEarned,totalMinionsKilled,neutralMinionsKilled,neutralMinionsKilledTeamJungle,neutralMinionsKilledEnemyJungle,totalDamageDealtToChampions,physicalDamageDealtToChampions,magicDamageDealtToChampions,totalHeal,totalDamageTaken,physicalDamageTaken,magicalDamageTaken,wardsPlaced,wardsKilled,visionWardsBoughtInGame
LCK,NS,2021-01-17,28.083333333333332,Top,Rich,266,0,1,4,2,8299,186,8,1,4,13134,13134,0,8336,31073,23810,6561,10,7,4
LCK,NS,2021-01-17,28.083333333333332,Jungle,Peanut,876,0,3,3,1,9240,38,136,113,0,8592,479,5120,15031,30372,20405,9391,16,9,4
LCK,NS,2021-01-17,28.083333333333332,Mid,Bay,142,0,1,4,2,8997,212,0,0,0,8182,901,6445,4334,14765,8513,5967,12,3,6
LCK,NS,2021-01-17,28.083333333333332,Bot,deokdam,360,0,0,2,3,9137,227,4,4,0,5550,4862,401,2416,11714,6812,4606,12,4,6
LCK,NS,2021-01-17,28.083333333333332,Support,Kellin,12,0,0,5,3,5398,28,0,0,0,2854,404,1829,2970,16590,10146,6032,49,6,18
LCK,DK,2021-01-17,28.083333333333332,Top,Khan,150,1,2,2,8,12122,226,16,4,4,20923,16501,4421,8902,20528,11854,4268,14,7,9
LCK,DK,2021-01-17,28.083333333333332,Jungle,Canyon,76,1,3,1,10,12541,20,222,130,32,13527,1118,12233,22007,29593,21301,7480,8,13,8
LCK,DK,2021-01-17,28.083333333333332,Mid,ShowMaker,236,1,8,0,8,15394,279,30,9,16,23589,20660,2929,1355,8188,5321,2561,12,10,2
LCK,DK,2021-01-17,28.083333333333332,Bot,Ghost,145,1,4,0,9,12728,248,20,13,0,15061,8879,4088,4969,8317,6111,1867,14,7,5
LCK,DK,2021-01-17,28.083333333333332,Support,BeryL,3,1,1,2,13,7527,41,0,0,0,5684,50,5634,1166,12219,8246,2099,41,14,13
