League,team,date,min,role,name,hero,win,kills,deaths,assists,goldEarned,totalMinionsKilled,neutralMinionsKilled,neutralMinionsKilledTeamJungle,neutralMinionsKilledEnemyJungle,totalDamageDealtToChampions,physicalDamageDealtToChampions,magicDamageDealtToChampions,totalHeal,totalDamageTaken,physicalDamageTaken,magicalDamageTaken,wardsPlaced,wardsKilled,visionWardsBoughtInGame
LCS,TL,2021-02-26,40.68333333333333,Top,Alphari,79,0,2,1,9,13946,260,8,8,0,17948,2662,15241,19691,35797,18587,16071,26,8,12
LCS,TL,2021-02-26,40.68333333333333,Jungle,Santorin,2,0,5,2,8,14793,47,200,112,21,19544,12328,162,22822,39974,26282,12821,9,10,9
LCS,TL,2021-02-26,40.68333333333333,Mid,Jensen,147,0,0,2,14,13677,275,33,28,5,12588,885,11417,12637,14083,7209,6476,16,4,6
LCS,TL,2021-02-26,40.68333333333333,Bot,Tactical,18,0,10,5,3,18869,329,41,29,10,25228,20422,973,5033,18394,10293,7582,45,25,6
LCS,TL,2021-02-26,40.68333333333333,Support,CoreJJ,12,0,1,4,8,8857,42,2,2,0,5244,421,3590,7147,21355,7700,12601,57,22,17
LCS,TSM,2021-02-26,40.68333333333333,Top,Huni,98,1,1,2,4,14970,276,27,12,4,14741,7831,6910,5176,26187,14260,9753,22,14,9
LCS,TSM,2021-02-26,40.68333333333333,Jungle,Spica,120,1,3,2,7,13453,51,181,130,4,11871,8967,1618,24019,40069,24106,12862,19,20,18
LCS,TSM,2021-02-26,40.68333333333333,Mid,PowerOfEvil,134,1,5,4,4,17528,369,18,17,0,33105,399,31700,709,11014,4462,5425,15,7,5
LCS,TSM,2021-02-26,40.68333333333333,Bot,Lost,145,1,4,4,3,17807,321,31,16,9,22519,16168,4663,5700,17531,12323,3748,13,21,3
LCS,TSM,2021-02-26,40.68333333333333,Support,SwordArt,3,1,1,6,10,9820,39,0,0,0,6937,0,6937,1271,18978,10284,4031,70,13,20
