League,team,date,min,role,name,hero,win,kills,deaths,assists,goldEarned,totalMinionsKilled,neutralMinionsKilled,neutralMinionsKilledTeamJungle,neutralMinionsKilledEnemyJungle,totalDamageDealtToChampions,physicalDamageDealtToChampions,magicDamageDealtToChampions,totalHeal,totalDamageTaken,physicalDamageTaken,magicalDamageTaken,wardsPlaced,wardsKilled,visionWardsBoughtInGame
LEC,MSF,2021-02-13,29.683333333333334,Top,HiRit,126,1,1,0,4,11907,229,55,22,24,18627,16800,1826,4532,11592,6584,4983,7,14,3
LEC,MSF,2021-02-13,29.683333333333334,Jungle,Razork,77,1,3,1,6,10922,35,150,92,16,5983,2480,3325,11988,20200,14048,5712,15,18,12
LEC,MSF,2021-02-13,29.683333333333334,Mid,Vetheo,61,1,4,0,5,13117,267,19,12,7,10536,783,9753,1848,5718,3153,2564,10,8,3
LEC,MSF,2021-02-13,29.683333333333334,Bot,Kobbe,498,1,5,1,5,15748,288,36,17,4,10641,10278,272,3144,9186,4546,4172,15,10,5
LEC,MSF,2021-02-13,29.683333333333334,Support,Vander,89,1,0,0,10,7900,42,0,0,0,3019,1106,1511,3193,9461,4144,5130,48,16,16
LEC,AST,2021-02-13,29.683333333333334,Top,WhiteKnight,516,0,0,2,1,8546,204,7,4,0,7102,2301,4570,276,18067,13950,4027,12,4,4
LEC,AST,2021-02-13,29.683333333333334,Jungle,Zanzarah,59,0,0,4,1,7766,27,118,84,8,2577,2183,202,8461,22909,15488,7239,29,10,10
LEC,AST,2021-02-13,29.683333333333334,Mid,MagiFelix,42,0,0,0,1,11699,307,25,20,0,11552,1368,10072,594,9267,6122,2874,9,5,3
LEC,AST,2021-02-13,29.683333333333334,Bot,Jeskla,145,0,2,3,0,11504,273,8,7,0,9749,6136,3423,2873,12399,9882,2475,18,12,8
LEC,AST,2021-02-13,29.683333333333334,Support,promisq,526,0,0,4,2,5572,34,0,0,0,1554,197,963,780,8515,7027,1401,49,6,18
