League,team,date,min,role,name,hero,win,kills,deaths,assists,goldEarned,totalMinionsKilled,neutralMinionsKilled,neutralMinionsKilledTeamJungle,neutralMinionsKilledEnemyJungle,totalDamageDealtToChampions,physicalDamageDealtToChampions,magicDamageDealtToChampions,totalHeal,totalDamageTaken,physicalDamageTaken,magicalDamageTaken,wardsPlaced,wardsKilled,visionWardsBoughtInGame
LCS,100,2021-02-21,56.38333333333333,Top,Ssumday,266,0,1,3,6,18960,389,48,19,4,20873,20766,107,29522,56353,26927,15418,20,22,9
LCS,100,2021-02-21,56.38333333333333,Jungle,Closer,2,0,1,6,9,15310,81,189,146,4,15533,9853,57,24068,58946,40690,15989,19,21,17
LCS,100,2021-02-21,56.38333333333333,Mid,Damonte,61,0,5,1,8,19958,392,32,30,0,37628,661,36187,4993,21891,14126,6225,22,14,9
LCS,100,2021-02-21,56.38333333333333,Bot,FBI,145,0,7,3,5,28269,533,40,20,12,43165,21676,18802,15918,28364,17436,8752,21,24,7
LCS,100,2021-02-21,56.38333333333333,Support,huhi,526,0,2,3,10,11412,43,0,0,0,7997,349,5922,6146,28405,19636,6596,127,20,38
LCS,GG,2021-02-21,56.38333333333333,Top,Niles,79,1,1,3,12,17510,261,15,0,7,19370,1839,15465,29713,60553,26309,27716,30,15,11
LCS,GG,2021-02-21,56.38333333333333,Jungle,Iconic,876,1,2,3,6,19828,56,344,232,35,29164,98,22320,24331,48596,33017,14397,12,16,12
LCS,GG,2021-02-21,56.38333333333333,Mid,Ablazeolive,18,1,6,5,4,24869,438,50,25,13,33486,26007,2995,10551,28394,11899,14682,25,17,10
LCS,GG,2021-02-21,56.38333333333333,Bot,Stixxay,15,1,6,2,8,25962,506,50,16,26,56696,50487,103,8338,19970,12637,6294,24,22,8
LCS,GG,2021-02-21,56.38333333333333,Support,Newbie,40,1,1,3,14,14308,27,4,0,0,9229,283,8261,11075,13080,7210,5617,105,23,35
