League,team,date,min,role,name,hero,win,kills,deaths,assists,goldEarned,totalMinionsKilled,neutralMinionsKilled,neutralMinionsKilledTeamJungle,neutralMinionsKilledEnemyJungle,totalDamageDealtToChampions,physicalDamageDealtToChampions,magicDamageDealtToChampions,totalHeal,totalDamageTaken,physicalDamageTaken,magicalDamageTaken,wardsPlaced,wardsKilled,visionWardsBoughtInGame
LCK,BRO,2021-01-15,30.583333333333332,Top,Hoya,133,0,0,4,1,10401,238,18,15,0,17185,15778,1406,1482,14607,9745,4409,18,4,9
LCK,BRO,2021-01-15,30.583333333333332,Jungle,UmTi,76,0,0,1,3,9673,57,164,123,5,5155,626,4175,18618,25871,20730,5134,43,37,8
LCK,BRO,2021-01-15,30.583333333333332,Mid,Lava,142,0,2,2,0,10235,235,8,8,0,12180,743,9054,2742,12544,4188,7524,11,10,6
LCK,BRO,2021-01-15,30.583333333333332,Bot,Hena,523,0,1,1,1,13031,328,25,25,0,7068,6254,256,1509,7745,4481,2958,16,19,11
LCK,BRO,2021-01-15,30.583333333333332,Support,Delight,412,0,0,1,3,6077,49,0,0,0,1298,322,975,416,5405,2078,3289,54,21,17
LCK,GEN,2021-01-15,30.583333333333332,Top,Rascal,58,1,2,0,3,15013,314,27,11,7,8242,7545,696,7744,25008,19415,4547,10,11,6
LCK,GEN,2021-01-15,30.583333333333332,Jungle,Clid,876,1,0,1,2,9879,32,169,115,0,2980,230,1892,16660,28450,19781,8127,30,16,13
LCK,GEN,2021-01-15,30.583333333333332,Mid,Bdd,134,1,3,2,3,11950,250,10,9,0,10426,334,10092,1568,11566,6368,4036,9,2,3
LCK,GEN,2021-01-15,30.583333333333332,Bot,Ruler,145,1,4,0,1,15395,350,23,15,4,8879,4824,3759,2889,8638,4979,3349,39,27,8
LCK,GEN,2021-01-15,30.583333333333332,Support,Life,3,1,0,0,4,6981,33,0,0,0,4493,0,4013,626,7482,5812,433,61,11,20
