League,team,date,min,role,name,hero,win,kills,deaths,assists,goldEarned,totalMinionsKilled,neutralMinionsKilled,neutralMinionsKilledTeamJungle,neutralMinionsKilledEnemyJungle,totalDamageDealtToChampions,physicalDamageDealtToChampions,magicDamageDealtToChampions,totalHeal,totalDamageTaken,physicalDamageTaken,magicalDamageTaken,wardsPlaced,wardsKilled,visionWardsBoughtInGame
LEC,RGE,2021-02-20,42.68333333333333,Top,Odoamne,98,1,0,0,13,14034,287,4,1,3,13679,6245,6851,7857,28499,17539,8331,16,13,2
LEC,RGE,2021-02-20,42.68333333333333,Jungle,Inspired,876,1,3,0,9,15065,50,252,186,8,14359,584,8448,31971,45515,25623,18608,35,19,4
LEC,RGE,2021-02-20,42.68333333333333,Mid,Larssen,268,1,10,0,3,20409,396,55,36,8,23521,280,22073,1866,16804,8025,8005,16,7,1
LEC,RGE,2021-02-20,42.68333333333333,Bot,Hans,235,1,1,2,12,13145,79,29,20,5,27569,26143,0,23949,18765,7633,10272,44,31,5
LEC,RGE,2021-02-20,42.68333333333333,Support,Trymbi,223,1,0,1,11,12015,215,4,0,4,5196,301,4895,10298,28881,14103,13901,21,13,19
LEC,VIT,2021-02-20,42.68333333333333,Top,Szygenda,164,0,0,4,2,15277,319,16,12,0,12249,8315,492,8603,29918,16449,11523,21,6,6
LEC,VIT,2021-02-20,42.68333333333333,Jungle,Skeanz,77,0,0,2,2,11987,21,204,143,4,2723,459,2048,20189,36633,22515,11813,12,11,13
LEC,VIT,2021-02-20,42.68333333333333,Mid,Milica,42,0,2,2,1,15948,337,38,27,0,27822,1605,25856,2283,14316,3651,9147,18,10,4
LEC,VIT,2021-02-20,42.68333333333333,Bot,Crownshot,81,0,1,3,2,16671,350,48,48,0,35465,18552,15642,2775,23183,15917,6029,15,7,2
LEC,VIT,2021-02-20,42.68333333333333,Support,Labrov,432,0,0,3,3,8849,57,0,0,0,9528,754,7643,6345,17621,9063,7059,97,26,21
