League,team,date,min,role,name,hero,win,kills,deaths,assists,goldEarned,totalMinionsKilled,neutralMinionsKilled,neutralMinionsKilledTeamJungle,neutralMinionsKilledEnemyJungle,totalDamageDealtToChampions,physicalDamageDealtToChampions,magicDamageDealtToChampions,totalHeal,totalDamageTaken,physicalDamageTaken,magicalDamageTaken,wardsPlaced,wardsKilled,visionWardsBoughtInGame
LCS,TSM,2021-02-13,32.666666666666664,Top,Huni,150,1,2,1,3,13432,245,41,11,22,10260,8597,1550,3821,16509,11098,5003,18,6,7
LCS,TSM,2021-02-13,32.666666666666664,Jungle,Spica,876,1,2,0,7,11456,28,183,120,19,6603,281,4146,15651,25804,17954,7765,15,11,15
LCS,TSM,2021-02-13,32.666666666666664,Mid,PowerOfEvil,268,1,6,0,3,16599,348,26,16,6,11873,678,11195,1706,8767,5523,2688,12,10,4
LCS,TSM,2021-02-13,32.666666666666664,Bot,Lost,145,1,2,0,7,14179,271,35,12,15,9352,5734,3203,8242,13408,9128,3905,16,6,6
LCS,TSM,2021-02-13,32.666666666666664,Support,SwordArt,80,1,0,2,6,8464,41,8,0,4,3976,3692,0,1023,10202,4795,5057,82,13,18
LCS,TL,2021-02-13,32.666666666666664,Top,Alphari,85,0,2,3,0,12522,288,0,0,0,10710,2024,8586,2814,13487,8081,4616,17,3,7
LCS,TL,2021-02-13,32.666666666666664,Jungle,Santorin,104,0,1,2,1,9773,42,160,114,13,7215,6258,489,6920,17986,13437,3825,10,25,9
LCS,TL,2021-02-13,32.666666666666664,Mid,Jensen,142,0,0,3,1,10758,268,16,16,0,7646,792,6199,1762,12808,5380,6879,9,7,3
LCS,TL,2021-02-13,32.666666666666664,Bot,Tactical,202,0,0,1,2,11665,283,4,0,0,7476,6820,655,3230,12716,9725,2666,12,7,4
LCS,TL,2021-02-13,32.666666666666664,Support,CoreJJ,111,0,0,3,2,6662,43,0,0,0,3045,271,2224,121,8977,5054,3322,42,16,11
