League,team,date,min,role,name,hero,win,kills,deaths,assists,goldEarned,totalMinionsKilled,neutralMinionsKilled,neutralMinionsKilledTeamJungle,neutralMinionsKilledEnemyJungle,totalDamageDealtToChampions,physicalDamageDealtToChampions,magicDamageDealtToChampions,totalHeal,totalDamageTaken,physicalDamageTaken,magicalDamageTaken,wardsPlaced,wardsKilled,visionWardsBoughtInGame
LCS,TL,2021-03-06,30.966666666666665,Top,Alphari,58,1,3,0,9,12408,235,26,9,6,14657,12476,2181,12223,29419,20478,8733,13,10,3
LCS,TL,2021-03-06,30.966666666666665,Jungle,Santorin,876,1,4,0,7,11800,37,182,100,35,8984,286,6905,16230,28757,21542,7130,33,12,8
LCS,TL,2021-03-06,30.966666666666665,Mid,Jensen,236,1,2,1,8,13621,271,32,12,12,13168,11966,1202,1606,11215,4635,6150,12,12,4
LCS,TL,2021-03-06,30.966666666666665,Bot,Tactical,498,1,7,1,5,14961,270,37,30,3,21977,20545,1360,2465,12422,8683,3452,16,11,5
LCS,TL,2021-03-06,30.966666666666665,Support,CoreJJ,497,1,0,0,15,8248,27,2,0,2,6586,838,5132,4408,8898,3913,3818,41,22,13
LCS,GG,2021-03-06,30.966666666666665,Top,Niles,240,0,0,4,1,8366,193,0,0,0,10670,10635,0,2192,25363,20274,4563,15,4,8
LCS,GG,2021-03-06,30.966666666666665,Jungle,Iconic,141,0,0,3,0,9500,69,159,117,9,6841,5595,782,13702,25635,20166,4991,21,17,5
LCS,GG,2021-03-06,30.966666666666665,Mid,Ablazeolive,112,0,1,1,1,11803,300,4,4,0,19963,149,19797,1935,11173,7803,2751,12,6,3
LCS,GG,2021-03-06,30.966666666666665,Bot,Stixxay,18,0,0,4,2,10596,252,4,4,0,8846,7450,1356,3860,17196,12487,4181,10,10,2
LCS,GG,2021-03-06,30.966666666666665,Support,Newbie,526,0,1,4,0,6502,34,0,0,0,3450,130,2718,967,15260,11359,3568,56,11,21
