League,team,date,min,role,name,hero,win,kills,deaths,assists,goldEarned,totalMinionsKilled,neutralMinionsKilled,neutralMinionsKilledTeamJungle,neutralMinionsKilledEnemyJungle,totalDamageDealtToChampions,physicalDamageDealtToChampions,magicDamageDealtToChampions,totalHeal,totalDamageTaken,physicalDamageTaken,magicalDamageTaken,wardsPlaced,wardsKilled,visionWardsBoughtInGame
LCK,DRX,2021-01-14,36.03333333333333,Top,Kingen,150,1,3,3,7,14884,285,18,8,0,14421,11553,2867,6124,19750,13474,4189,18,7,7
LCK,DRX,2021-01-14,36.03333333333333,Jungle,Pyosik,104,1,7,0,2,16023,69,232,150,25,13681,11615,945,4773,11888,8101,2970,41,24,10
LCK,DRX,2021-01-14,36.03333333333333,Mid,SOLKA,142,1,2,1,9,14904,318,16,16,0,18743,1149,17252,5409,10117,5218,4206,23,6,9
LCK,DRX,2021-01-14,36.03333333333333,Bot,BAO,523,1,1,1,6,15332,320,53,40,9,12296,9468,572,3403,13393,9039,4113,14,18,4
LCK,DRX,2021-01-14,36.03333333333333,Support,Becca,12,1,0,3,11,8237,39,0,0,0,3015,214,2246,6256,14440,6726,5779,71,17,18
LCK,AF,2021-01-14,36.03333333333333,Top,Kiin,164,0,2,3,4,13848,276,24,8,8,9382,6469,568,5712,22650,13950,7443,11,13,8
LCK,AF,2021-01-14,36.03333333333333,Jungle,Dread,2,0,4,3,1,12327,84,152,115,0,10043,6654,289,17263,35265,26064,7805,19,29,14
LCK,AF,2021-01-14,36.03333333333333,Mid,Fly,4,0,0,3,5,13812,272,16,11,0,10560,438,10121,3728,15459,9033,6078,17,10,11
LCK,AF,2021-01-14,36.03333333333333,Bot,Bang,202,0,1,1,1,14451,355,12,8,0,12179,9347,2666,3522,9453,7611,1585,25,14,12
LCK,AF,2021-01-14,36.03333333333333,Support,Lehends,79,0,1,3,1,7714,55,4,4,0,6398,190,6046,4736,12833,7569,4246,69,21,27
