League,team,date,min,role,name,hero,win,kills,deaths,assists,goldEarned,totalMinionsKilled,neutralMinionsKilled,neutralMinionsKilledTeamJungle,neutralMinionsKilledEnemyJungle,totalDamageDealtToChampions,physicalDamageDealtToChampions,magicDamageDealtToChampions,totalHeal,totalDamageTaken,physicalDamageTaken,magicalDamageTaken,wardsPlaced,wardsKilled,visionWardsBoughtInGame
LCS,EG,2021-02-27,44.983333333333334,Top,Impact,58,1,2,3,9,16062,312,21,7,5,17256,14787,2469,20967,44222,25452,17197,21,15,5
LCS,EG,2021-02-27,44.983333333333334,Jungle,Svenskeren,2,1,2,3,7,14068,44,212,143,8,15127,9835,207,29356,47698,33601,12325,14,17,12
LCS,EG,2021-02-27,44.983333333333334,Mid,Jiizuke,61,1,9,1,5,20210,337,89,66,7,32903,848,32054,6430,15402,10010,4616,15,13,7
LCS,EG,2021-02-27,44.983333333333334,Bot,Deftly,110,1,3,3,9,15422,280,4,4,0,40786,31886,8900,6087,15132,8841,5614,19,22,10
LCS,EG,2021-02-27,44.983333333333334,Support,IgNar,518,1,0,5,5,9805,29,0,0,0,15181,912,13936,4581,16673,9598,6883,80,20,19
LCS,FLY,2021-02-27,44.983333333333334,Top,Licorice,14,0,3,4,4,14292,276,4,0,0,22677,13699,8193,8213,48196,23550,21838,23,3,9
LCS,FLY,2021-02-27,44.983333333333334,Jungle,Josedeodo,104,0,8,3,3,16977,61,250,189,7,23911,18443,3280,14471,30285,21118,8635,15,21,13
LCS,FLY,2021-02-27,44.983333333333334,Mid,Palafox,134,0,3,3,8,15676,326,14,8,2,26738,1125,25425,1893,16198,8122,7794,24,2,9
LCS,FLY,2021-02-27,44.983333333333334,Bot,Johnsun,235,0,1,2,11,12146,79,9,9,0,19126,17300,0,18528,15801,8701,6632,75,34,18
LCS,FLY,2021-02-27,44.983333333333334,Support,Diamond,223,0,0,4,9,11526,181,1,1,0,5936,434,5502,14926,38321,20878,16114,26,9,21
