League,team,date,min,role,name,hero,win,kills,deaths,assists,goldEarned,totalMinionsKilled,neutralMinionsKilled,neutralMinionsKilledTeamJungle,neutralMinionsKilledEnemyJungle,totalDamageDealtToChampions,physicalDamageDealtToChampions,magicDamageDealtToChampions,totalHeal,totalDamageTaken,physicalDamageTaken,magicalDamageTaken,wardsPlaced,wardsKilled,visionWardsBoughtInGame
LCK,DRX,2021-01-22,43.11666666666667,Top,Kingen,39,1,2,1,8,18654,372,35,13,1,17601,10518,7082,12665,35819,21129,14160,10,10,4
LCK,DRX,2021-01-22,43.11666666666667,Jungle,Pyosik,77,1,0,3,8,14902,70,241,181,14,6229,1842,3182,20656,41380,27490,13439,21,52,20
LCK,DRX,2021-01-22,43.11666666666667,Mid,SOLKA,61,1,5,1,7,19043,389,36,20,6,27677,663,26881,840,9973,5873,4100,28,19,9
LCK,DRX,2021-01-22,43.11666666666667,Bot,BAO,202,1,5,1,4,20885,439,24,24,0,23141,20113,2503,5768,18574,9626,8948,19,18,4
LCK,DRX,2021-01-22,43.11666666666667,Support,Becca,3,1,2,3,8,10356,70,0,0,0,8460,21,7839,1293,19615,15199,2774,81,30,21
LCK,LSB,2021-01-22,43.11666666666667,Top,Summit,150,0,4,2,2,17260,379,4,0,0,19536,15109,4412,8980,35123,18178,15876,27,14,14
LCK,LSB,2021-01-22,43.11666666666667,Jungle,Croco,104,0,3,2,3,14624,98,229,160,7,18564,16485,992,4205,15251,8982,6055,64,41,16
LCK,LSB,2021-01-22,43.11666666666667,Mid,FATE,134,0,2,2,6,15711,340,36,36,0,32324,684,30423,1355,11786,5486,6215,25,13,11
LCK,LSB,2021-01-22,43.11666666666667,Bot,Leo,21,0,0,5,3,16488,396,24,19,0,14444,12690,1539,1079,19597,10783,8416,26,17,13
LCK,LSB,2021-01-22,43.11666666666667,Support,Effort,12,0,0,3,8,8551,37,0,0,0,1580,210,1370,5829,19685,6782,12204,94,15,31
