League,team,date,min,role,name,hero,win,kills,deaths,assists,goldEarned,totalMinionsKilled,neutralMinionsKilled,neutralMinionsKilledTeamJungle,neutralMinionsKilledEnemyJungle,totalDamageDealtToChampions,physicalDamageDealtToChampions,magicDamageDealtToChampions,totalHeal,totalDamageTaken,physicalDamageTaken,magicalDamageTaken,wardsPlaced,wardsKilled,visionWardsBoughtInGame
LEC,VIT,2021-01-22,48.266666666666666,Top,Szygenda,58,0,2,0,0,19624,462,10,3,0,10439,9721,718,14360,36066,22972,9400,30,19,12
LEC,VIT,2021-01-22,48.266666666666666,Jungle,Skeanz,76,0,2,1,4,16141,40,236,131,12,20694,787,19273,26514,30590,22680,7060,49,23,13
LEC,VIT,2021-01-22,48.266666666666666,Mid,Milica,126,0,0,1,3,19841,387,74,47,19,20133,19240,892,7182,17130,10378,5781,17,33,12
LEC,VIT,2021-01-22,48.266666666666666,Bot,Comp,145,0,3,2,1,21679,441,59,38,13,15413,7287,7191,10571,21374,11504,8666,19,18,4
LEC,VIT,2021-01-22,48.266666666666666,Support,Labrov,111,0,0,4,4,10151,37,0,0,0,3849,424,2904,1757,18089,7205,8511,97,13,32
LEC,S04,2021-01-22,48.266666666666666,Top,BrokenBlade,41,1,1,2,4,20442,430,29,29,0,26033,12618,10755,10358,24246,18111,5493,16,11,11
LEC,S04,2021-01-22,48.266666666666666,Jungle,Gilius,876,1,0,2,5,13060,55,203,145,9,10730,123,7355,22966,39263,28152,10664,42,21,14
LEC,S04,2021-01-22,48.266666666666666,Mid,Abbedagge,134,1,2,1,3,16634,375,14,12,2,14526,328,14173,4541,13206,8818,4000,31,13,15
LEC,S04,2021-01-22,48.266666666666666,Bot,Neon,523,1,5,1,1,22644,481,54,43,4,18747,14538,1090,5569,14506,8528,5709,21,22,10
LEC,S04,2021-01-22,48.266666666666666,Support,LIMIT,412,1,0,1,7,9758,52,0,0,0,2590,219,2370,7448,21600,11127,10131,94,23,22
