League,team,date,min,role,name,hero,win,kills,deaths,assists,goldEarned,totalMinionsKilled,neutralMinionsKilled,neutralMinionsKilledTeamJungle,neutralMinionsKilledEnemyJungle,totalDamageDealtToChampions,physicalDamageDealtToChampions,magicDamageDealtToChampions,totalHeal,totalDamageTaken,physicalDamageTaken,magicalDamageTaken,wardsPlaced,wardsKilled,visionWardsBoughtInGame
LCS,C9,2021-02-06,28.516666666666666,Top,Fudge,24,1,5,1,6,12803,204,28,5,12,7827,5265,2382,4237,16616,9265,5768,17,5,8
LCS,C9,2021-02-06,28.516666666666666,Jungle,Blaber,77,1,4,0,17,13692,36,206,122,26,12908,4564,6382,21986,35036,21354,12717,10,12,6
LCS,C9,2021-02-06,28.516666666666666,Mid,Perkz,268,1,7,3,9,14143,237,29,12,8,19591,536,18798,4175,15360,5040,9151,10,10,4
LCS,C9,2021-02-06,28.516666666666666,Bot,Zven,21,1,7,2,12,13955,237,20,16,3,16646,14655,1311,1650,9252,4144,4662,16,12,7
LCS,C9,2021-02-06,28.516666666666666,Support,Vulcan,12,1,3,4,9,7686,29,0,0,0,5113,604,3749,4967,15128,5625,5716,48,5,17
LCS,TSM,2021-02-06,28.516666666666666,Top,Huni,164,0,4,6,2,9707,184,0,0,0,14327,7354,766,1854,17286,9949,6815,14,6,5
LCS,TSM,2021-02-06,28.516666666666666,Jungle,Spica,163,0,0,3,6,9008,42,135,107,0,13590,353,12073,7443,17649,12046,4904,8,9,10
LCS,TSM,2021-02-06,28.516666666666666,Mid,PowerOfEvil,42,0,1,7,2,9079,192,9,5,4,15681,1771,13910,852,17238,7894,8201,11,3,5
LCS,TSM,2021-02-06,28.516666666666666,Bot,Lost,145,0,5,4,0,10930,212,4,0,0,14405,9998,4235,3702,13696,6945,6551,13,8,8
LCS,TSM,2021-02-06,28.516666666666666,Support,SwordArt,89,0,0,6,6,6005,34,0,0,0,4677,1000,3270,413,16311,7905,7130,44,11,14
