League,team,date,min,role,name,hero,win,kills,deaths,assists,goldEarned,totalMinionsKilled,neutralMinionsKilled,neutralMinionsKilledTeamJungle,neutralMinionsKilledEnemyJungle,totalDamageDealtToChampions,physicalDamageDealtToChampions,magicDamageDealtToChampions,totalHeal,totalDamageTaken,physicalDamageTaken,magicalDamageTaken,wardsPlaced,wardsKilled,visionWardsBoughtInGame
LCK,T1,2021-01-21,33.96666666666667,Top,Canna,126,0,3,4,4,13904,261,22,6,1,15413,13003,2410,5025,16314,8736,6137,16,11,6
LCK,T1,2021-01-21,33.96666666666667,Jungle,Ellim,80,0,3,5,5,10289,43,132,93,15,9320,8496,259,9759,27360,18788,7265,36,18,16
LCK,T1,2021-01-21,33.96666666666667,Mid,Faker,142,0,2,2,5,11521,243,24,20,4,18001,962,15283,2127,9508,5628,3808,18,8,8
LCK,T1,2021-01-21,33.96666666666667,Bot,Gumayusi,523,0,2,4,2,14083,329,39,37,0,10658,8778,309,4156,13337,10076,3123,15,29,7
LCK,T1,2021-01-21,33.96666666666667,Support,Keria,412,0,1,2,4,6937,51,0,0,0,1936,302,1634,1394,11446,6489,4281,59,16,21
LCK,GEN,2021-01-21,33.96666666666667,Top,Rascal,164,1,0,4,10,11689,205,41,22,8,8247,4695,713,4962,22332,16144,5276,11,15,7
LCK,GEN,2021-01-21,33.96666666666667,Jungle,Clid,76,1,3,2,10,10809,27,121,67,12,8360,820,7410,17552,24391,16831,6108,37,21,10
LCK,GEN,2021-01-21,33.96666666666667,Mid,Bdd,134,1,5,1,6,13212,263,20,20,0,13234,748,12486,1615,8487,4873,3409,13,4,2
LCK,GEN,2021-01-21,33.96666666666667,Bot,Ruler,429,1,7,0,6,18354,341,39,23,0,19255,18850,99,4410,11760,7624,3616,41,33,6
LCK,GEN,2021-01-21,33.96666666666667,Support,Life,59,1,2,4,12,8962,16,0,0,0,4438,1838,2241,3834,14286,8173,5307,60,13,21
