League,team,date,min,role,name,hero,win,kills,deaths,assists,goldEarned,totalMinionsKilled,neutralMinionsKilled,neutralMinionsKilledTeamJungle,neutralMinionsKilledEnemyJungle,totalDamageDealtToChampions,physicalDamageDealtToChampions,magicDamageDealtToChampions,totalHeal,totalDamageTaken,physicalDamageTaken,magicalDamageTaken,wardsPlaced,wardsKilled,visionWardsBoughtInGame
LCS,TSM,2021-02-05,39.96666666666667,Top,Huni,41,0,2,4,6,17002,331,13,5,0,29526,16741,9802,13902,31494,14404,16562,19,2,6
LCS,TSM,2021-02-05,39.96666666666667,Jungle,Spica,163,0,0,3,7,11970,27,208,142,16,7689,129,7029,12129,23384,14141,8789,13,22,13
LCS,TSM,2021-02-05,39.96666666666667,Mid,PowerOfEvil,134,0,5,2,2,16276,341,46,34,8,20030,381,19248,407,9166,4026,4122,18,11,7
LCS,TSM,2021-02-05,39.96666666666667,Bot,Lost,21,0,2,6,7,14712,278,23,10,13,11305,10012,1169,1069,17802,11402,4407,19,10,8
LCS,TSM,2021-02-05,39.96666666666667,Support,SwordArt,12,0,0,5,7,8261,47,0,0,0,3115,286,1970,3249,18608,6158,12350,81,20,25
LCS,FLY,2021-02-05,39.96666666666667,Top,Licorice,164,1,5,4,3,17164,322,19,0,6,13970,9764,1272,8151,34356,16807,16603,19,7,6
LCS,FLY,2021-02-05,39.96666666666667,Jungle,Josedeodo,120,1,6,2,7,14888,52,209,155,7,14140,10778,2303,28018,47322,33227,11623,14,27,12
LCS,FLY,2021-02-05,39.96666666666667,Mid,Palafox,61,1,2,1,10,15918,333,16,12,4,16950,320,16555,1106,9626,5134,3993,24,5,10
LCS,FLY,2021-02-05,39.96666666666667,Bot,Johnsun,147,1,2,0,12,15360,308,17,17,0,18803,1163,17615,16121,12026,6377,5252,24,20,9
LCS,FLY,2021-02-05,39.96666666666667,Support,Diamond,526,1,5,2,6,10233,52,1,0,1,6521,642,5878,2037,15561,8182,6794,62,17,21
