League,team,date,min,role,name,hero,win,kills,deaths,assists,goldEarned,totalMinionsKilled,neutralMinionsKilled,neutralMinionsKilledTeamJungle,neutralMinionsKilledEnemyJungle,totalDamageDealtToChampions,physicalDamageDealtToChampions,magicDamageDealtToChampions,totalHeal,totalDamageTaken,physicalDamageTaken,magicalDamageTaken,wardsPlaced,wardsKilled,visionWardsBoughtInGame
LEC,FNC,2021-01-29,34.03333333333333,Top,Bwipo,58,1,4,1,10,15438,283,26,5,12,14595,12861,1734,15256,37953,25318,12036,18,8,7
LEC,FNC,2021-01-29,34.03333333333333,Jungle,Selfmade,2,1,7,2,10,13880,24,199,102,44,20773,13661,0,21884,38234,26968,10458,5,7,8
LEC,FNC,2021-01-29,34.03333333333333,Mid,Nisqy,61,1,2,3,12,13346,231,38,23,9,15835,988,14847,1115,13909,7589,6257,17,4,8
LEC,FNC,2021-01-29,34.03333333333333,Bot,Upset,145,1,9,0,7,17888,305,48,21,16,19262,10935,7603,5397,11157,7969,3163,14,12,2
LEC,FNC,2021-01-29,34.03333333333333,Support,Hylissang,526,1,2,2,10,8645,41,0,0,0,4533,420,3625,2808,12623,7848,4438,53,12,17
LEC,VIT,2021-01-29,34.03333333333333,Top,Szygenda,150,0,3,5,3,12984,274,6,5,0,20914,16283,4630,4094,25752,17294,7299,18,3,7
LEC,VIT,2021-01-29,34.03333333333333,Jungle,Skeanz,76,0,1,2,4,9499,26,145,114,0,12252,915,10376,16312,25551,17744,7174,8,9,8
LEC,VIT,2021-01-29,34.03333333333333,Mid,Milica,7,0,2,3,3,11707,276,0,0,0,15676,1291,14260,1948,18294,10726,7341,7,9,4
LEC,VIT,2021-01-29,34.03333333333333,Bot,Comp,498,0,2,4,2,12875,308,4,4,0,12337,11396,940,2033,13426,9579,3056,13,3,3
LEC,VIT,2021-01-29,34.03333333333333,Support,Labrov,89,0,0,10,6,6649,35,0,0,0,3860,793,2323,299,20880,9281,6084,48,16,13
