League,team,date,min,role,name,hero,win,kills,deaths,assists,goldEarned,totalMinionsKilled,neutralMinionsKilled,neutralMinionsKilledTeamJungle,neutralMinionsKilledEnemyJungle,totalDamageDealtToChampions,physicalDamageDealtToChampions,magicDamageDealtToChampions,totalHeal,totalDamageTaken,physicalDamageTaken,magicalDamageTaken,wardsPlaced,wardsKilled,visionWardsBoughtInGame
LEC,MSF,2021-02-05,38.18333333333333,Top,HiRit,126,0,3,3,7,16193,268,64,25,16,31658,28280,3278,4629,15235,8885,4135,14,11,5
LEC,MSF,2021-02-05,38.18333333333333,Jungle,Razork,80,0,3,6,8,12187,23,200,146,0,17371,15007,967,17661,42057,25149,12971,25,13,6
LEC,MSF,2021-02-05,38.18333333333333,Mid,Vetheo,7,0,3,1,6,14077,267,34,20,9,22536,1082,21286,8015,23079,13963,6395,15,17,9
LEC,MSF,2021-02-05,38.18333333333333,Bot,Kobbe,145,0,6,2,3,17129,349,30,24,1,16937,7265,7932,4940,12795,8825,3437,17,10,7
LEC,MSF,2021-02-05,38.18333333333333,Support,Vander,12,0,0,6,8,7577,29,0,0,0,5033,229,4142,6242,19282,10115,5432,71,7,24
LEC,XL,2021-02-05,38.18333333333333,Top,Kryze,31,1,3,4,11,13003,229,9,2,0,13810,2115,9138,9013,33040,18470,12556,16,2,5
LEC,XL,2021-02-05,38.18333333333333,Jungle,Dan,2,1,5,2,9,14561,40,174,134,0,16073,10541,135,20631,35862,25084,10190,13,19,12
LEC,XL,2021-02-05,38.18333333333333,Mid,Czekolad,268,1,1,2,11,15468,324,24,21,0,15349,130,15043,4810,18444,9802,8540,19,9,8
LEC,XL,2021-02-05,38.18333333333333,Bot,Patrik,498,1,8,3,7,18307,325,35,27,0,26270,21614,395,2450,15280,10334,4638,17,12,9
LEC,XL,2021-02-05,38.18333333333333,Support,Tore,89,1,1,4,10,8643,39,0,0,0,4540,944,2846,3290,17392,12007,4329,56,15,20
