League,team,date,min,role,name,hero,win,kills,deaths,assists,goldEarned,totalMinionsKilled,neutralMinionsKilled,neutralMinionsKilledTeamJungle,neutralMinionsKilledEnemyJungle,totalDamageDealtToChampions,physicalDamageDealtToChampions,magicDamageDealtToChampions,totalHeal,totalDamageTaken,physicalDamageTaken,magicalDamageTaken,wardsPlaced,wardsKilled,visionWardsBoughtInGame
LCK,HLE,2021-02-18,36.65,Top,Morgan,79,1,6,1,14,14683,205,8,1,0,25452,2997,22454,24282,40903,22420,15348,16,13,13
LCK,HLE,2021-02-18,36.65,Jungle,Arthur,163,1,4,4,12,13912,57,179,120,25,22102,1052,20001,11258,22334,14165,6744,32,16,9
LCK,HLE,2021-02-18,36.65,Mid,Chovy,58,1,7,3,8,16031,304,19,4,7,22886,19256,3545,15501,43099,23115,15700,23,20,11
LCK,HLE,2021-02-18,36.65,Bot,Deft,145,1,8,6,6,16881,293,51,28,10,30590,20626,6374,11418,23403,12288,8416,38,20,6
LCK,HLE,2021-02-18,36.65,Support,Vsta,3,1,1,3,13,8836,48,0,0,0,11159,178,9934,2190,16826,12384,2324,62,11,20
LCK,NS,2021-02-18,36.65,Top,Rich,14,0,3,5,8,12254,207,3,0,3,28231,14128,14103,1874,36332,13668,20917,15,14,5
LCK,NS,2021-02-18,36.65,Jungle,Peanut,876,0,5,5,7,14478,71,192,119,29,33673,1447,23650,15281,37090,25470,10972,32,19,7
LCK,NS,2021-02-18,36.65,Mid,Bay,875,0,0,7,7,10358,174,3,1,0,12215,9476,143,882,26142,13400,11663,19,8,10
LCK,NS,2021-02-18,36.65,Bot,deokdam,360,0,9,4,3,15770,278,32,28,0,27040,24143,2086,4305,21692,8930,11905,14,19,3
LCK,NS,2021-02-18,36.65,Support,Kellin,12,0,0,5,10,8401,40,4,0,0,7955,986,5291,9249,24768,12362,10964,79,14,25
