League,team,date,min,role,name,hero,win,kills,deaths,assists,goldEarned,totalMinionsKilled,neutralMinionsKilled,neutralMinionsKilledTeamJungle,neutralMinionsKilledEnemyJungle,totalDamageDealtToChampions,physicalDamageDealtToChampions,magicDamageDealtToChampions,totalHeal,totalDamageTaken,physicalDamageTaken,magicalDamageTaken,wardsPlaced,wardsKilled,visionWardsBoughtInGame
LCK,NS,2021-03-05,30.766666666666666,Top,Rich,79,0,0,2,2,9163,222,0,0,0,10215,1469,8746,10666,22921,13223,8375,13,11,4
LCK,NS,2021-03-05,30.766666666666666,Jungle,Peanut,120,0,1,2,6,9807,24,164,106,13,6277,5082,1003,17913,30188,20072,9299,11,14,11
LCK,NS,2021-03-05,30.766666666666666,Mid,Bay,268,0,4,1,2,11928,251,20,20,0,14592,350,14241,2254,11936,6265,5014,19,8,9
LCK,NS,2021-03-05,30.766666666666666,Bot,deokdam,523,0,2,3,2,10765,241,6,5,0,13605,10936,686,3946,13276,6286,5761,12,15,4
LCK,NS,2021-03-05,30.766666666666666,Support,Kellin,526,0,0,2,5,6016,34,0,0,0,2972,268,1930,2159,11500,4726,6196,51,12,16
LCK,HLE,2021-03-05,30.766666666666666,Top,Morgan,14,1,2,0,7,11210,225,4,0,0,14448,7948,6193,3806,19205,7083,11149,12,5,7
LCK,HLE,2021-03-05,30.766666666666666,Jungle,yoHan,2,1,1,2,6,9991,20,184,122,24,5188,3492,393,16793,26091,18659,6207,8,11,10
LCK,HLE,2021-03-05,30.766666666666666,Mid,Chovy,876,1,3,3,6,12705,250,30,11,14,14884,479,12523,4767,19542,10945,8471,15,10,6
LCK,HLE,2021-03-05,30.766666666666666,Bot,Deft,145,1,3,1,6,12978,246,36,12,9,15148,9366,4794,4096,10842,7204,2348,33,10,6
LCK,HLE,2021-03-05,30.766666666666666,Support,Vsta,40,1,1,1,7,7732,15,0,0,0,7177,514,6538,2136,5852,3641,1874,57,13,15
