League,team,date,min,role,name,hero,win,kills,deaths,assists,goldEarned,totalMinionsKilled,neutralMinionsKilled,neutralMinionsKilledTeamJungle,neutralMinionsKilledEnemyJungle,totalDamageDealtToChampions,physicalDamageDealtToChampions,magicDamageDealtToChampions,totalHeal,totalDamageTaken,physicalDamageTaken,magicalDamageTaken,wardsPlaced,wardsKilled,visionWardsBoughtInGame
LCK,BRO,2021-02-19,40.266666666666666,Top,Hoya,266,0,0,1,7,13464,282,26,11,4,8472,8472,0,10428,23491,12731,10104,18,10,13
LCK,BRO,2021-02-19,40.266666666666666,Jungle,UmTi,876,0,4,1,6,15187,55,246,154,25,12410,258,9219,19155,33428,24036,9342,42,22,17
LCK,BRO,2021-02-19,40.266666666666666,Mid,Lava,61,0,6,2,5,17360,336,28,21,4,16365,444,15920,209,9917,3190,6548,19,22,5
LCK,BRO,2021-02-19,40.266666666666666,Bot,Hena,429,0,2,3,8,16755,371,26,22,0,9516,9348,0,2808,9838,5307,4335,46,36,8
LCK,BRO,2021-02-19,40.266666666666666,Support,Delight,526,0,1,4,7,8818,40,0,0,0,3617,255,2830,1599,13828,7274,6554,67,12,21
LCK,KT,2021-02-19,40.266666666666666,Top,Doran,79,1,0,3,3,13885,306,24,16,0,10791,333,10458,10436,22327,9545,12241,27,6,12
LCK,KT,2021-02-19,40.266666666666666,Jungle,GIDEON,141,1,0,4,7,13504,67,224,153,22,4870,4405,396,19535,32292,21236,9545,31,29,4
LCK,KT,2021-02-19,40.266666666666666,Mid,Dove,268,1,5,2,5,17585,323,26,23,0,17345,92,17002,1895,9806,7022,2585,19,13,6
LCK,KT,2021-02-19,40.266666666666666,Bot,HyBriD,498,1,4,0,6,19763,441,28,28,0,13464,12475,718,829,8714,5855,2502,15,28,4
LCK,KT,2021-02-19,40.266666666666666,Support,Zzus,12,1,2,4,6,8760,33,0,0,0,2820,202,2128,4133,15018,7372,6619,83,12,24
