League,team,date,min,role,name,hero,win,kills,deaths,assists,goldEarned,totalMinionsKilled,neutralMinionsKilled,neutralMinionsKilledTeamJungle,neutralMinionsKilledEnemyJungle,totalDamageDealtToChampions,physicalDamageDealtToChampions,magicDamageDealtToChampions,totalHeal,totalDamageTaken,physicalDamageTaken,magicalDamageTaken,wardsPlaced,wardsKilled,visionWardsBoughtInGame
LEC,AST,2021-01-24,43.93333333333333,Top,WhiteKnight,516,1,1,4,8,14494,264,6,4,0,17239,4948,12172,5435,33844,16993,14550,17,2,6
LEC,AST,2021-01-24,43.93333333333333,Jungle,Zanzarah,120,1,3,2,7,13614,37,185,137,7,9719,7581,1247,25662,42221,24003,15833,18,8,16
LEC,AST,2021-01-24,43.93333333333333,Mid,nukeduck,4,1,3,0,10,16999,301,21,21,0,33059,1415,31112,6017,21142,13852,6532,11,7,2
LEC,AST,2021-01-24,43.93333333333333,Bot,Jeskla,202,1,5,1,5,19590,392,41,39,0,27230,22579,3889,6461,16941,13072,3557,21,10,6
LEC,AST,2021-01-24,43.93333333333333,Support,promisq,12,1,2,5,3,9366,50,0,0,0,3452,206,2679,10668,22879,11768,8213,68,21,24
LEC,VIT,2021-01-24,43.93333333333333,Top,Szygenda,79,0,1,3,7,12526,220,10,0,2,12614,1336,11278,22039,39990,22909,15641,26,9,12
LEC,VIT,2021-01-24,43.93333333333333,Jungle,Skeanz,104,0,4,2,4,16173,50,261,163,32,16731,13504,1881,12772,23573,14242,9120,11,16,11
LEC,VIT,2021-01-24,43.93333333333333,Mid,Milica,7,0,4,3,5,15937,288,46,29,8,26277,1156,24945,5137,19753,10052,9262,15,11,12
LEC,VIT,2021-01-24,43.93333333333333,Bot,Comp,523,0,2,3,3,19175,423,32,24,0,31283,23641,1629,7596,16541,7269,8902,18,16,4
LEC,VIT,2021-01-24,43.93333333333333,Support,Labrov,412,0,1,3,7,9243,34,2,0,2,4501,243,3142,2027,16329,5333,10586,73,12,22
