League,team,date,min,role,name,hero,win,kills,deaths,assists,goldEarned,totalMinionsKilled,neutralMinionsKilled,neutralMinionsKilledTeamJungle,neutralMinionsKilledEnemyJungle,totalDamageDealtToChampions,physicalDamageDealtToChampions,magicDamageDealtToChampions,totalHeal,totalDamageTaken,physicalDamageTaken,magicalDamageTaken,wardsPlaced,wardsKilled,visionWardsBoughtInGame
LCS,DIG,2021-02-27,41.983333333333334,Top,FakeGod,41,0,2,5,4,15502,313,0,0,0,22481,14552,5063,2016,19989,14734,3521,18,2,6
LCS,DIG,2021-02-27,41.983333333333334,Jungle,Dardoch,120,0,8,3,5,17101,47,238,158,17,20122,17351,1852,27420,50691,33793,14163,18,17,17
LCS,DIG,2021-02-27,41.983333333333334,Mid,Soligo,142,0,3,3,9,16838,330,28,24,4,22552,1601,18905,4075,16705,10009,4632,17,5,8
LCS,DIG,2021-02-27,41.983333333333334,Bot,Neo,147,0,4,3,10,15258,302,5,4,1,12076,1703,10297,15752,15489,11469,3127,19,23,7
LCS,DIG,2021-02-27,41.983333333333334,Support,aphromoo,12,0,0,4,13,9113,43,0,0,0,7161,731,5702,7338,26559,17295,6760,54,13,18
LCS,100,2021-02-27,41.983333333333334,Top,Ssumday,58,1,6,2,9,21051,393,16,4,12,23940,20440,3395,12055,35417,21479,11673,20,13,5
LCS,100,2021-02-27,41.983333333333334,Jungle,Closer,2,1,8,2,8,15867,22,225,137,15,18826,13082,0,25367,41602,26449,13264,16,11,14
LCS,100,2021-02-27,41.983333333333334,Mid,Damonte,61,1,0,4,13,16551,326,54,46,8,19407,770,18239,3419,16204,8949,6071,26,6,12
LCS,100,2021-02-27,41.983333333333334,Bot,FBI,18,1,4,3,4,17425,354,28,21,0,21937,17655,1496,8017,19171,10940,7660,17,13,7
LCS,100,2021-02-27,41.983333333333334,Support,huhi,526,1,0,6,11,9266,37,0,0,0,5008,259,3978,2448,14493,6517,7252,74,15,19
