League,team,date,min,role,name,hero,win,kills,deaths,assists,goldEarned,totalMinionsKilled,neutralMinionsKilled,neutralMinionsKilledTeamJungle,neutralMinionsKilledEnemyJungle,totalDamageDealtToChampions,physicalDamageDealtToChampions,magicDamageDealtToChampions,totalHeal,totalDamageTaken,physicalDamageTaken,magicalDamageTaken,wardsPlaced,wardsKilled,visionWardsBoughtInGame
LCK,BRO,2021-03-07,34.63333333333333,Top,Hoya,14,0,2,8,5,10092,192,4,1,0,13844,8933,4911,1267,35781,18413,15168,13,9,8
LCK,BRO,2021-03-07,34.63333333333333,Jungle,UmTi,876,0,1,2,5,10759,35,184,131,12,10572,294,7946,13684,27506,18535,8590,12,14,13
LCK,BRO,2021-03-07,34.63333333333333,Mid,Yaharong,61,0,1,2,8,12423,286,4,4,0,13022,830,12192,2036,13286,3550,9711,15,7,8
LCK,BRO,2021-03-07,34.63333333333333,Bot,Hena,523,0,6,1,2,15006,339,39,32,0,18452,16281,379,5095,12905,6195,6334,15,27,7
LCK,BRO,2021-03-07,34.63333333333333,Support,Delight,412,0,0,2,9,7168,37,0,0,0,3226,633,2592,1535,11271,4364,6805,62,13,21
LCK,DRX,2021-03-07,34.63333333333333,Top,Kingen,58,1,2,1,8,16159,287,11,0,7,16043,13207,2619,15354,36915,25891,10068,10,8,6
LCK,DRX,2021-03-07,34.63333333333333,Jungle,Pyosik,76,1,10,0,3,16272,49,256,176,20,25828,1051,23956,27404,32185,24167,7589,47,29,10
LCK,DRX,2021-03-07,34.63333333333333,Mid,SOLKA,134,1,2,3,6,12353,277,1,1,0,13808,989,12818,2702,12376,4720,7038,20,3,8
LCK,DRX,2021-03-07,34.63333333333333,Bot,BAO,222,1,1,0,6,14360,320,25,17,1,15406,13351,153,3060,11043,6675,3836,18,13,6
LCK,DRX,2021-03-07,34.63333333333333,Support,Becca,526,1,0,6,11,8081,33,0,0,0,3349,343,2859,1251,14395,8965,3840,51,10,17
