League,team,date,min,role,name,hero,win,kills,deaths,assists,goldEarned,totalMinionsKilled,neutralMinionsKilled,neutralMinionsKilledTeamJungle,neutralMinionsKilledEnemyJungle,totalDamageDealtToChampions,physicalDamageDealtToChampions,magicDamageDealtToChampions,totalHeal,totalDamageTaken,physicalDamageTaken,magicalDamageTaken,wardsPlaced,wardsKilled,visionWardsBoughtInGame
LCS,IMT,2021-02-14,29.933333333333334,Top,Revenge,164,0,0,3,3,9611,225,0,0,0,10449,5768,556,3400,18707,10818,7009,10,7,3
LCS,IMT,2021-02-14,29.933333333333334,Jungle,Xerxe,876,0,1,1,2,9125,24,161,119,19,7082,166,4398,13618,23844,16539,7050,9,10,8
LCS,IMT,2021-02-14,29.933333333333334,Mid,Insanity,61,0,3,2,2,11365,263,16,16,0,7255,59,7195,1204,10274,5291,4911,16,9,6
LCS,IMT,2021-02-14,29.933333333333334,Bot,Raes,498,0,1,3,3,10497,247,12,4,4,7299,6879,195,1828,10518,6850,3482,13,14,4
LCS,IMT,2021-02-14,29.933333333333334,Support,Destiny,12,0,0,5,5,5910,43,0,0,0,2814,248,2203,3757,11711,7771,3678,46,21,17
LCS,TSM,2021-02-14,29.933333333333334,Top,Huni,98,1,2,0,9,11899,225,8,5,0,9580,4817,4762,5672,13768,8126,2733,15,2,6
LCS,TSM,2021-02-14,29.933333333333334,Jungle,Spica,120,1,1,2,9,10457,23,166,90,21,6233,4238,1377,18651,28385,19906,6116,16,8,16
LCS,TSM,2021-02-14,29.933333333333334,Mid,PowerOfEvil,112,1,2,2,6,11971,245,20,16,0,11857,79,11778,1645,7086,3178,3542,12,5,5
LCS,TSM,2021-02-14,29.933333333333334,Bot,Lost,145,1,8,0,3,14988,254,37,16,6,13364,9287,3790,5023,8303,5825,2205,14,6,5
LCS,TSM,2021-02-14,29.933333333333334,Support,SwordArt,80,1,1,1,7,8204,49,2,0,0,6360,5428,184,3440,10609,5543,3372,70,23,6
