League,team,date,min,role,name,hero,win,kills,deaths,assists,goldEarned,totalMinionsKilled,neutralMinionsKilled,neutralMinionsKilledTeamJungle,neutralMinionsKilledEnemyJungle,totalDamageDealtToChampions,physicalDamageDealtToChampions,magicDamageDealtToChampions,totalHeal,totalDamageTaken,physicalDamageTaken,magicalDamageTaken,wardsPlaced,wardsKilled,visionWardsBoughtInGame
LCK,BRO,2021-01-23,39.03333333333333,Top,Hoya,79,0,0,3,2,12321,276,9,5,0,10421,1514,8906,17341,32683,13040,18173,19,9,14
LCK,BRO,2021-01-23,39.03333333333333,Jungle,UmTi,2,0,0,1,2,11438,41,196,143,9,8033,5890,45,23008,34117,22842,10149,14,34,13
LCK,BRO,2021-01-23,39.03333333333333,Mid,Lava,142,0,0,1,1,12363,276,19,17,0,16838,805,14233,4656,14762,6273,7913,20,7,10
LCK,BRO,2021-01-23,39.03333333333333,Bot,Hena,498,0,2,4,0,16099,346,56,49,0,19857,18332,947,1139,15555,9188,6021,18,18,8
LCK,BRO,2021-01-23,39.03333333333333,Support,Delight,412,0,0,2,1,7351,35,0,0,0,1270,142,861,1982,9575,4367,5124,80,13,26
LCK,NS,2021-01-23,39.03333333333333,Top,Rich,516,1,1,0,7,12142,227,14,6,0,13640,4009,9630,1545,31965,16136,14146,14,5,2
LCK,NS,2021-01-23,39.03333333333333,Jungle,Peanut,104,1,3,0,4,14366,68,224,134,20,16809,14116,1948,7924,15774,11922,2743,10,28,9
LCK,NS,2021-01-23,39.03333333333333,Mid,Bay,112,1,1,0,3,14657,321,20,17,0,25369,394,24975,865,6201,2853,2897,28,11,15
LCK,NS,2021-01-23,39.03333333333333,Bot,deokdam,145,1,6,0,3,18915,375,36,31,1,17074,8744,5898,6669,13610,10939,2501,19,18,8
LCK,NS,2021-01-23,39.03333333333333,Support,Kellin,89,1,0,2,8,8392,42,0,0,0,3083,475,2186,666,11419,5733,4356,80,18,25
