League,team,date,min,role,name,hero,win,kills,deaths,assists,goldEarned,totalMinionsKilled,neutralMinionsKilled,neutralMinionsKilledTeamJungle,neutralMinionsKilledEnemyJungle,totalDamageDealtToChampions,physicalDamageDealtToChampions,magicDamageDealtToChampions,totalHeal,totalDamageTaken,physicalDamageTaken,magicalDamageTaken,wardsPlaced,wardsKilled,visionWardsBoughtInGame
LCK,GEN,2021-01-21,27.433333333333334,Top,Rascal,58,1,2,2,8,13347,259,20,5,5,15789,14438,1351,14057,30409,16726,13357,7,6,3
LCK,GEN,2021-01-21,27.433333333333334,Jungle,Clid,2,1,4,2,3,10055,14,132,80,13,9580,6177,0,13446,23688,16084,7604,13,10,12
LCK,GEN,2021-01-21,27.433333333333334,Mid,Bdd,134,1,5,0,7,12056,233,16,16,0,17649,866,16782,3229,11613,5815,5798,15,5,5
LCK,GEN,2021-01-21,27.433333333333334,Bot,Ruler,429,1,2,1,9,13274,279,34,19,4,11567,10887,464,3901,10020,6756,3263,30,15,6
LCK,GEN,2021-01-21,27.433333333333334,Support,Life,59,1,2,1,10,7810,20,0,0,0,7066,2332,4408,1192,4905,3502,1201,38,19,13
LCK,T1,2021-01-21,27.433333333333334,Top,Canna,79,0,1,4,3,8681,171,12,8,0,15985,2617,13368,10743,25974,19085,4833,13,4,6
LCK,T1,2021-01-21,27.433333333333334,Jungle,Ellim,80,0,2,3,1,8206,29,130,104,0,6045,5518,0,8006,21726,12592,8382,23,10,7
LCK,T1,2021-01-21,27.433333333333334,Mid,Faker,268,0,2,3,1,10559,242,8,5,0,12601,255,12345,1580,13064,6404,5667,10,4,3
LCK,T1,2021-01-21,27.433333333333334,Bot,Gumayusi,202,0,0,3,2,9459,245,2,2,0,6746,6227,519,2182,8836,6293,2500,10,12,4
LCK,T1,2021-01-21,27.433333333333334,Support,Keria,12,0,0,3,1,5366,36,0,0,0,1891,423,1468,3212,13279,9322,3853,38,12,14
