League,team,date,min,role,name,hero,win,kills,deaths,assists,goldEarned,totalMinionsKilled,neutralMinionsKilled,neutralMinionsKilledTeamJungle,neutralMinionsKilledEnemyJungle,totalDamageDealtToChampions,physicalDamageDealtToChampions,magicDamageDealtToChampions,totalHeal,totalDamageTaken,physicalDamageTaken,magicalDamageTaken,wardsPlaced,wardsKilled,visionWardsBoughtInGame
LCK,GEN,2021-01-24,32.166666666666664,Top,Rascal,150,0,3,3,3,13101,264,26,4,13,17650,13237,4413,7580,28112,14260,7977,11,4,6
LCK,GEN,2021-01-24,32.166666666666664,Jungle,Clid,163,0,2,6,3,10192,21,158,106,8,12595,842,11156,6926,19081,11142,6010,32,16,14
LCK,GEN,2021-01-24,32.166666666666664,Mid,Bdd,134,0,2,4,2,11102,254,12,12,0,14619,815,13803,214,11253,3340,6499,11,3,5
LCK,GEN,2021-01-24,32.166666666666664,Bot,Ruler,360,0,0,3,2,11484,273,16,15,0,11085,10234,851,3946,18086,12279,4244,13,13,4
LCK,GEN,2021-01-24,32.166666666666664,Support,Life,79,0,1,4,0,7011,9,0,0,0,6510,148,6098,3919,11453,5209,5509,49,6,15
LCK,HLE,2021-01-24,32.166666666666664,Top,Morgan,164,1,1,4,6,11858,222,8,4,4,13839,8398,1823,4346,23246,15691,7355,15,12,10
LCK,HLE,2021-01-24,32.166666666666664,Jungle,Arthur,2,1,4,2,8,12206,69,132,99,7,10309,6008,141,14456,30055,18658,11116,12,21,13
LCK,HLE,2021-01-24,32.166666666666664,Mid,Chovy,84,1,10,0,6,16106,295,12,3,6,24433,2177,22094,8229,19588,11357,7904,9,9,5
LCK,HLE,2021-01-24,32.166666666666664,Bot,Deft,67,1,5,1,3,14311,285,24,5,9,12428,8853,0,7180,12139,5942,6142,14,18,4
LCK,HLE,2021-01-24,32.166666666666664,Support,Vsta,12,1,0,1,12,7773,33,0,0,0,4103,211,3891,9412,13310,6368,6941,60,10,18
