League,team,date,min,role,name,hero,win,kills,deaths,assists,goldEarned,totalMinionsKilled,neutralMinionsKilled,neutralMinionsKilledTeamJungle,neutralMinionsKilledEnemyJungle,totalDamageDealtToChampions,physicalDamageDealtToChampions,magicDamageDealtToChampions,totalHeal,totalDamageTaken,physicalDamageTaken,magicalDamageTaken,wardsPlaced,wardsKilled,visionWardsBoughtInGame
LCK,HLE,2021-02-04,31.883333333333333,Top,Morgan,58,1,1,1,5,14513,297,30,14,8,9230,8081,1149,9657,25392,15518,9718,11,16,6
LCK,HLE,2021-02-04,31.883333333333333,Jungle,Arthur,2,1,7,0,1,12961,37,173,91,21,8536,5768,0,18239,25785,17941,6851,11,26,10
LCK,HLE,2021-02-04,31.883333333333333,Mid,Chovy,112,1,2,0,4,14081,298,54,34,16,13362,286,13075,1471,6936,3330,3284,16,13,7
LCK,HLE,2021-02-04,31.883333333333333,Bot,Deft,498,1,1,0,7,13920,300,24,8,16,13119,11735,608,1134,8043,4113,3930,17,9,5
LCK,HLE,2021-02-04,31.883333333333333,Support,Vsta,526,1,0,0,8,7167,28,0,0,0,3225,233,2382,646,4096,1739,2304,47,7,12
LCK,AF,2021-02-04,31.883333333333333,Top,Kiin,516,0,0,4,1,9894,233,8,8,0,11826,5068,6757,1547,20463,14028,4982,16,8,5
LCK,AF,2021-02-04,31.883333333333333,Jungle,Dread,876,0,1,1,0,9107,43,139,94,16,4307,190,2757,10243,21073,15841,4757,14,10,14
LCK,AF,2021-02-04,31.883333333333333,Mid,Fly,61,0,0,3,0,11539,293,17,17,0,10609,163,10446,1880,13224,5768,6790,11,11,6
LCK,AF,2021-02-04,31.883333333333333,Bot,Bang,145,0,0,1,0,11546,299,5,2,0,5593,3522,2071,2064,7164,5127,1613,21,7,4
LCK,AF,2021-02-04,31.883333333333333,Support,Lehends,12,0,0,2,0,5940,39,0,0,0,1311,84,1064,4436,10870,7409,2324,60,11,19
