League,team,date,min,role,name,hero,win,kills,deaths,assists,goldEarned,totalMinionsKilled,neutralMinionsKilled,neutralMinionsKilledTeamJungle,neutralMinionsKilledEnemyJungle,totalDamageDealtToChampions,physicalDamageDealtToChampions,magicDamageDealtToChampions,totalHeal,totalDamageTaken,physicalDamageTaken,magicalDamageTaken,wardsPlaced,wardsKilled,visionWardsBoughtInGame
LCK,GEN,2021-02-26,31.233333333333334,Top,Rascal,39,1,2,0,8,15435,288,38,9,16,11836,7706,4010,7347,20372,13701,4739,9,6,4
LCK,GEN,2021-02-26,31.233333333333334,Jungle,Clid,77,1,0,1,9,11464,34,176,108,13,3708,1654,1497,13169,24529,12912,9006,13,25,14
LCK,GEN,2021-02-26,31.233333333333334,Mid,Bdd,134,1,5,1,4,14870,288,35,17,15,16836,1111,15675,1567,9678,3815,5490,14,10,9
LCK,GEN,2021-02-26,31.233333333333334,Bot,Ruler,145,1,8,1,1,16157,328,40,25,8,12842,8829,2182,4131,9930,5803,3384,34,19,5
LCK,GEN,2021-02-26,31.233333333333334,Support,Life,12,1,0,2,9,7292,27,0,0,0,2912,193,2358,7995,14241,5323,4954,52,9,20
LCK,BRO,2021-02-26,31.233333333333334,Top,Hoya,150,0,0,5,0,9481,203,12,4,0,6424,4979,1444,1727,14510,7626,6556,13,3,8
LCK,BRO,2021-02-26,31.233333333333334,Jungle,UmTi,2,0,2,3,1,9926,42,140,103,4,7207,4824,0,13469,29053,18754,9267,9,15,8
LCK,BRO,2021-02-26,31.233333333333334,Mid,Lava,61,0,2,4,2,11531,271,12,12,0,19130,667,18462,1387,15976,7872,7223,16,2,5
LCK,BRO,2021-02-26,31.233333333333334,Bot,Hena,18,0,0,1,4,13650,342,36,32,0,7253,5691,675,2991,7051,5166,1501,26,18,4
LCK,BRO,2021-02-26,31.233333333333334,Support,Delight,497,0,1,2,2,6402,23,0,0,0,4295,273,3670,1223,5804,2165,3344,50,19,13
