League,team,date,min,role,name,hero,win,kills,deaths,assists,goldEarned,totalMinionsKilled,neutralMinionsKilled,neutralMinionsKilledTeamJungle,neutralMinionsKilledEnemyJungle,totalDamageDealtToChampions,physicalDamageDealtToChampions,magicDamageDealtToChampions,totalHeal,totalDamageTaken,physicalDamageTaken,magicalDamageTaken,wardsPlaced,wardsKilled,visionWardsBoughtInGame
LCK,GEN,2021-02-18,27.166666666666668,Top,Rascal,58,1,7,2,1,12773,228,10,9,0,10204,9506,634,6502,17638,10941,5263,11,13,6
LCK,GEN,2021-02-18,27.166666666666668,Jungle,Clid,76,1,4,1,10,10788,19,139,90,12,12280,745,11174,18829,26326,18502,5891,29,10,11
LCK,GEN,2021-02-18,27.166666666666668,Mid,Bdd,268,1,3,3,8,11130,219,14,14,0,16215,473,15741,1719,12008,7008,4271,17,5,7
LCK,GEN,2021-02-18,27.166666666666668,Bot,Ruler,81,1,2,2,3,11312,247,15,10,0,14873,8927,5772,1663,9887,4812,2903,13,9,5
LCK,GEN,2021-02-18,27.166666666666668,Support,Life,3,1,1,3,9,6785,20,4,0,0,5626,0,5072,1770,12345,10342,1256,32,2,12
LCK,AF,2021-02-18,27.166666666666668,Top,Kiin,133,0,3,3,3,10300,196,16,11,0,8952,7670,1282,2037,11059,3958,7100,13,7,4
LCK,AF,2021-02-18,27.166666666666668,Jungle,Dread,876,0,0,3,4,8335,32,145,105,11,7462,397,4691,10010,21632,13195,8336,11,6,12
LCK,AF,2021-02-18,27.166666666666668,Mid,Fly,875,0,3,4,3,9179,177,4,0,0,11037,10409,63,3135,21236,9779,10822,7,15,5
LCK,AF,2021-02-18,27.166666666666668,Bot,Bang,145,0,3,3,2,10636,234,15,11,0,11886,8445,2897,4454,13424,6489,6934,16,3,4
LCK,AF,2021-02-18,27.166666666666668,Support,Lehends,79,0,1,4,6,6530,17,0,0,0,7853,387,6934,5474,15036,6317,8301,36,8,13
