League,team,date,min,role,name,hero,win,kills,deaths,assists,goldEarned,totalMinionsKilled,neutralMinionsKilled,neutralMinionsKilledTeamJungle,neutralMinionsKilledEnemyJungle,totalDamageDealtToChampions,physicalDamageDealtToChampions,magicDamageDealtToChampions,totalHeal,totalDamageTaken,physicalDamageTaken,magicalDamageTaken,wardsPlaced,wardsKilled,visionWardsBoughtInGame
LCK,T1,2021-02-27,28.633333333333333,Top,Zeus,164,0,3,4,1,11230,233,16,5,5,8587,4804,192,5335,18372,12984,4935,9,7,2
LCK,T1,2021-02-27,28.633333333333333,Jungle,Oner,876,0,2,3,5,9499,37,152,125,3,8538,500,6184,8836,25280,16862,8122,9,8,8
LCK,T1,2021-02-27,28.633333333333333,Mid,Clozer,39,0,2,5,6,10400,245,5,4,0,8692,4683,4008,4415,20881,11677,8659,14,6,8
LCK,T1,2021-02-27,28.633333333333333,Bot,Teddy,236,0,1,3,4,10219,238,24,24,0,12570,10729,902,1856,15711,9232,6223,11,6,3
LCK,T1,2021-02-27,28.633333333333333,Support,Keria,350,0,0,3,8,5674,2,4,4,0,7598,730,6867,7619,4950,2225,2470,41,0,14
LCK,DK,2021-02-27,28.633333333333333,Top,Khan,14,1,3,1,6,10353,199,8,4,0,9269,5300,3773,325,13036,6967,3631,16,5,9
LCK,DK,2021-02-27,28.633333333333333,Jungle,Canyon,141,1,2,3,6,10974,31,194,127,3,12248,10188,1334,17607,27959,19586,6237,27,15,9
LCK,DK,2021-02-27,28.633333333333333,Mid,ShowMaker,112,1,5,1,7,12569,223,21,21,0,15977,917,14927,942,7380,4440,2583,16,7,7
LCK,DK,2021-02-27,28.633333333333333,Bot,Ghost,235,1,5,1,9,10543,35,4,0,4,10541,10345,0,9633,8748,4848,3219,43,12,10
LCK,DK,2021-02-27,28.633333333333333,Support,BeryL,57,1,3,2,9,10954,189,0,0,0,8620,1576,6491,5383,18826,12083,5970,6,2,6
