League,team,date,min,role,name,hero,win,kills,deaths,assists,goldEarned,totalMinionsKilled,neutralMinionsKilled,neutralMinionsKilledTeamJungle,neutralMinionsKilledEnemyJungle,totalDamageDealtToChampions,physicalDamageDealtToChampions,magicDamageDealtToChampions,totalHeal,totalDamageTaken,physicalDamageTaken,magicalDamageTaken,wardsPlaced,wardsKilled,visionWardsBoughtInGame
LCK,T1,2021-01-28,42.483333333333334,Top,Canna,164,1,7,3,4,17524,322,41,6,17,13954,8719,934,16154,38410,20488,17549,10,16,5
LCK,T1,2021-01-28,42.483333333333334,Jungle,Cuzz,163,1,3,3,11,15008,46,209,124,28,19288,637,17034,12272,24905,16766,7699,13,28,11
LCK,T1,2021-01-28,42.483333333333334,Mid,Clozer,61,1,5,5,5,16769,344,37,33,0,16431,488,15917,494,16777,8120,8146,15,16,4
LCK,T1,2021-01-28,42.483333333333334,Bot,Teddy,498,1,8,4,12,22044,360,57,41,12,44733,41460,2655,3618,20366,8877,10851,18,20,2
LCK,T1,2021-01-28,42.483333333333334,Support,Keria,89,1,0,5,13,10026,42,1,0,1,5357,1112,3451,1182,18289,8553,9556,92,20,31
LCK,LSB,2021-01-28,42.483333333333334,Top,Summit,150,0,3,5,7,16592,315,16,9,1,18524,14858,3666,9771,34653,21475,9984,26,7,12
LCK,LSB,2021-01-28,42.483333333333334,Jungle,Croco,77,0,1,6,9,12860,60,171,122,10,3834,1100,2243,18175,43877,31094,11514,22,30,21
LCK,LSB,2021-01-28,42.483333333333334,Mid,FATE,112,0,10,3,7,21750,409,28,25,0,34367,168,34123,2082,14718,6262,6777,18,3,8
LCK,LSB,2021-01-28,42.483333333333334,Bot,Leo,145,0,6,2,5,19467,372,19,15,0,14764,10277,4173,9701,19719,14503,4758,38,13,4
LCK,LSB,2021-01-28,42.483333333333334,Support,Effort,497,0,0,7,14,9438,51,0,0,0,6039,264,4513,4734,22187,11122,10307,77,29,23
