League,team,date,min,role,name,hero,win,kills,deaths,assists,goldEarned,totalMinionsKilled,neutralMinionsKilled,neutralMinionsKilledTeamJungle,neutralMinionsKilledEnemyJungle,totalDamageDealtToChampions,physicalDamageDealtToChampions,magicDamageDealtToChampions,totalHeal,totalDamageTaken,physicalDamageTaken,magicalDamageTaken,wardsPlaced,wardsKilled,visionWardsBoughtInGame
LCK,DK,2021-02-17,42.983333333333334,Top,Khan,516,1,0,5,8,14080,258,10,5,0,15967,4531,11209,1802,32938,16607,7574,16,11,8
LCK,DK,2021-02-17,42.983333333333334,Jungle,Canyon,141,1,4,4,7,16508,53,250,155,13,21588,17151,2534,24312,38191,25584,9224,55,38,6
LCK,DK,2021-02-17,42.983333333333334,Mid,ShowMaker,134,1,3,2,7,18837,351,33,16,17,27846,418,26390,1454,10786,4874,5828,21,12,7
LCK,DK,2021-02-17,42.983333333333334,Bot,Ghost,429,1,5,2,5,19814,363,36,13,4,15886,15087,568,5383,19695,10899,5913,21,19,7
LCK,DK,2021-02-17,42.983333333333334,Support,BeryL,526,1,3,4,9,11329,45,0,0,0,10430,967,8356,2526,18436,6766,10249,81,22,29
LCK,KT,2021-02-17,42.983333333333334,Top,Doran,164,0,7,1,7,19942,372,36,12,21,26730,13667,1692,17800,39683,23233,15320,21,16,7
LCK,KT,2021-02-17,42.983333333333334,Jungle,Blank,876,0,2,4,8,13241,51,187,148,4,9861,226,5589,17399,31770,21111,10054,46,21,17
LCK,KT,2021-02-17,42.983333333333334,Mid,Ucal,112,0,3,4,8,16076,358,16,9,4,20497,309,20187,1258,16635,7323,8207,19,17,9
LCK,KT,2021-02-17,42.983333333333334,Bot,HyBriD,360,0,5,3,6,18407,359,46,31,8,13066,11499,1158,6162,21659,14143,7005,16,20,5
LCK,KT,2021-02-17,42.983333333333334,Support,Zzus,12,0,0,3,15,9295,42,0,0,0,3968,192,3076,10632,25153,10900,12912,75,17,23
