League,team,date,min,role,name,hero,win,kills,deaths,assists,goldEarned,totalMinionsKilled,neutralMinionsKilled,neutralMinionsKilledTeamJungle,neutralMinionsKilledEnemyJungle,totalDamageDealtToChampions,physicalDamageDealtToChampions,magicDamageDealtToChampions,totalHeal,totalDamageTaken,physicalDamageTaken,magicalDamageTaken,wardsPlaced,wardsKilled,visionWardsBoughtInGame
LCS,IMT,2021-02-27,29.333333333333332,Top,Revenge,164,0,1,2,1,9271,222,5,5,0,12248,7319,1049,3119,16226,13878,1829,12,1,4
LCS,IMT,2021-02-27,29.333333333333332,Jungle,Xerxe,876,0,0,3,1,7981,12,154,116,4,6033,303,3624,11513,24881,18185,6321,8,5,8
LCS,IMT,2021-02-27,29.333333333333332,Mid,Insanity,61,0,0,2,2,9833,260,16,16,0,5657,523,5134,858,8264,4794,2781,15,3,5
LCS,IMT,2021-02-27,29.333333333333332,Bot,Raes,18,0,3,2,0,11655,260,16,13,0,9106,7416,855,1939,7476,5343,1990,29,13,8
LCS,IMT,2021-02-27,29.333333333333332,Support,Destiny,526,0,0,1,4,6020,33,0,0,0,3617,708,2469,1573,7165,3266,3446,54,13,18
LCS,DIG,2021-02-27,29.333333333333332,Top,FakeGod,58,1,0,0,5,11947,238,12,0,4,10246,9205,1041,8199,19836,13537,3609,15,6,7
LCS,DIG,2021-02-27,29.333333333333332,Jungle,Dardoch,120,1,1,1,5,10413,13,203,127,17,6299,4709,1067,17467,28479,19225,6794,7,10,8
LCS,DIG,2021-02-27,29.333333333333332,Mid,Soligo,142,1,2,1,5,11438,242,12,8,4,7937,870,6243,2281,7230,1663,4923,14,8,7
LCS,DIG,2021-02-27,29.333333333333332,Bot,Neo,145,1,6,2,2,13281,265,8,8,0,7961,4596,2933,2458,7232,5413,1332,15,18,6
LCS,DIG,2021-02-27,29.333333333333332,Support,aphromoo,12,1,1,0,5,7188,38,0,0,0,2804,421,1984,5395,8705,5791,1932,34,13,12
