League,team,date,min,role,name,hero,win,kills,deaths,assists,goldEarned,totalMinionsKilled,neutralMinionsKilled,neutralMinionsKilledTeamJungle,neutralMinionsKilledEnemyJungle,totalDamageDealtToChampions,physicalDamageDealtToChampions,magicDamageDealtToChampions,totalHeal,totalDamageTaken,physicalDamageTaken,magicalDamageTaken,wardsPlaced,wardsKilled,visionWardsBoughtInGame
LCS,CLG,2021-02-20,33.983333333333334,Top,Finn,516,0,0,2,4,10040,216,0,0,0,11997,3412,8585,1997,18583,11220,6080,16,7,5
LCS,CLG,2021-02-20,33.983333333333334,Jungle,Broxah,104,0,3,3,1,11882,49,162,125,0,9707,8680,450,5845,19486,11722,6614,8,26,9
LCS,CLG,2021-02-20,33.983333333333334,Mid,rjs,268,0,1,3,2,13019,324,11,11,0,11328,138,11190,1987,16965,4267,12225,17,8,6
LCS,CLG,2021-02-20,33.983333333333334,Bot,WildTurtle,360,0,0,5,1,12946,310,8,4,0,10603,9140,1223,2841,20400,10454,8945,10,10,2
LCS,CLG,2021-02-20,33.983333333333334,Support,Smoothie,12,0,0,5,3,6789,39,0,0,0,3138,261,2484,3381,14892,4626,9869,53,13,19
LCS,IMT,2021-02-20,33.983333333333334,Top,Revenge,58,1,2,2,6,14586,316,24,8,5,7275,5964,1209,10122,28786,17728,10544,13,7,4
LCS,IMT,2021-02-20,33.983333333333334,Jungle,Xerxe,876,1,2,1,8,12108,26,211,137,20,9833,394,5476,18444,29933,19952,9833,10,8,10
LCS,IMT,2021-02-20,33.983333333333334,Mid,Insanity,112,1,6,1,6,14279,272,24,20,4,22773,567,22206,1236,8797,4347,4231,17,5,5
LCS,IMT,2021-02-20,33.983333333333334,Bot,Raes,145,1,8,0,5,15832,298,25,10,4,17851,13509,4245,6740,11836,9412,2294,35,19,3
LCS,IMT,2021-02-20,33.983333333333334,Support,Destiny,3,1,0,0,16,8316,36,0,0,0,8818,109,8567,885,9814,7827,1789,55,9,16
