League,team,date,min,role,name,hero,win,kills,deaths,assists,goldEarned,totalMinionsKilled,neutralMinionsKilled,neutralMinionsKilledTeamJungle,neutralMinionsKilledEnemyJungle,totalDamageDealtToChampions,physicalDamageDealtToChampions,magicDamageDealtToChampions,totalHeal,totalDamageTaken,physicalDamageTaken,magicalDamageTaken,wardsPlaced,wardsKilled,visionWardsBoughtInGame
LCK,LSB,2021-01-20,34.233333333333334,Top,Summit,150,1,6,2,2,14860,267,1,0,1,14072,12551,1371,5423,15276,8213,4481,16,7,6
LCK,LSB,2021-01-20,34.233333333333334,Jungle,Croco,163,1,0,4,3,11448,37,195,107,8,5603,352,4923,8875,18571,12091,5761,36,19,14
LCK,LSB,2021-01-20,34.233333333333334,Mid,FATE,61,1,4,0,7,15800,327,18,12,6,16457,845,15403,1090,10154,3153,6733,14,7,3
LCK,LSB,2021-01-20,34.233333333333334,Bot,Leo,360,1,3,0,2,14874,312,10,5,0,7100,5873,806,2944,9129,5873,3256,22,20,10
LCK,LSB,2021-01-20,34.233333333333334,Support,Effort,89,1,2,2,2,8502,44,0,0,0,4878,931,2672,1081,9497,5478,3629,61,18,20
LCK,AF,2021-01-20,34.233333333333334,Top,Kiin,164,0,1,3,5,14329,311,28,8,15,9448,6741,293,3928,16816,12707,3580,11,9,5
LCK,AF,2021-01-20,34.233333333333334,Jungle,Dread,76,0,1,4,3,10512,50,161,122,23,4623,278,4089,15843,26265,17796,7529,11,36,8
LCK,AF,2021-01-20,34.233333333333334,Mid,Fly,112,0,3,3,3,14042,319,11,7,0,16758,224,16462,1733,14349,5271,8297,19,8,9
LCK,AF,2021-01-20,34.233333333333334,Bot,Bang,145,0,1,2,1,13715,327,28,28,0,5091,3211,1424,3952,10560,7772,2707,27,11,7
LCK,AF,2021-01-20,34.233333333333334,Support,Lehends,98,0,2,3,3,7752,42,0,0,0,2697,1161,771,992,14691,7930,6708,62,15,25
