League,team,date,min,role,name,hero,win,kills,deaths,assists,goldEarned,totalMinionsKilled,neutralMinionsKilled,neutralMinionsKilledTeamJungle,neutralMinionsKilledEnemyJungle,totalDamageDealtToChampions,physicalDamageDealtToChampions,magicDamageDealtToChampions,totalHeal,totalDamageTaken,physicalDamageTaken,magicalDamageTaken,wardsPlaced,wardsKilled,visionWardsBoughtInGame
LCS,CLG,2021-02-19,39.61666666666667,Top,Finn,266,0,6,1,6,17079,312,24,17,4,30744,30545,0,24713,41643,26621,12483,12,13,3
LCS,CLG,2021-02-19,39.61666666666667,Jungle,Broxah,876,0,1,5,10,12616,38,165,125,3,12551,56,8321,10337,28596,16413,11227,9,7,11
LCS,CLG,2021-02-19,39.61666666666667,Mid,rjs,142,0,1,5,8,12444,247,12,12,0,20258,948,16902,2404,18677,7280,10045,15,2,5
LCS,CLG,2021-02-19,39.61666666666667,Bot,WildTurtle,498,0,8,5,6,19622,331,45,24,8,28281,25835,1821,3612,19818,8214,10775,14,12,5
LCS,CLG,2021-02-19,39.61666666666667,Support,Smoothie,526,0,1,5,8,8635,38,4,0,0,3351,263,2746,316,12103,4604,6663,79,15,24
LCS,C9,2021-02-19,39.61666666666667,Top,Fudge,79,1,3,3,12,14513,268,2,1,0,17467,2046,15140,17677,41877,30250,7396,18,5,7
LCS,C9,2021-02-19,39.61666666666667,Jungle,Blaber,421,1,5,3,8,14779,53,203,125,26,16783,12633,0,27074,43146,31548,10131,7,18,6
LCS,C9,2021-02-19,39.61666666666667,Mid,Perkz,13,1,5,4,7,19391,342,73,43,15,21867,261,21480,9613,23808,15435,6629,16,11,6
LCS,C9,2021-02-19,39.61666666666667,Bot,Zven,145,1,7,3,5,18980,331,43,35,4,24826,19346,4516,5514,21003,15070,5522,15,9,4
LCS,C9,2021-02-19,39.61666666666667,Support,Vulcan,12,1,1,4,13,9650,43,0,0,0,5903,745,4167,9436,18575,11600,5070,76,16,28
