League,team,date,min,role,name,hero,win,kills,deaths,assists,goldEarned,totalMinionsKilled,neutralMinionsKilled,neutralMinionsKilledTeamJungle,neutralMinionsKilledEnemyJungle,totalDamageDealtToChampions,physicalDamageDealtToChampions,magicDamageDealtToChampions,totalHeal,totalDamageTaken,physicalDamageTaken,magicalDamageTaken,wardsPlaced,wardsKilled,visionWardsBoughtInGame
LCK,HLE,2021-02-04,24.566666666666666,Top,Morgan,79,1,4,1,12,10620,186,8,4,1,14280,1884,12395,9697,18813,15356,3244,7,1,3
LCK,HLE,2021-02-04,24.566666666666666,Jungle,Arthur,77,1,3,0,16,10093,40,111,70,5,11843,4491,6720,9693,19967,14612,5194,11,26,9
LCK,HLE,2021-02-04,24.566666666666666,Mid,Chovy,61,1,7,2,12,13384,239,28,20,5,11887,975,10910,996,8865,4814,3683,14,11,10
LCK,HLE,2021-02-04,24.566666666666666,Bot,Deft,145,1,6,0,7,11065,198,15,4,7,14275,11251,2802,4299,12522,9073,3434,16,4,3
LCK,HLE,2021-02-04,24.566666666666666,Support,Vsta,12,1,1,1,17,6649,21,0,0,0,6537,806,5094,10953,11981,6817,4079,38,5,18
LCK,AF,2021-02-04,24.566666666666666,Top,Kiin,58,0,1,3,0,7951,202,4,0,0,13522,11013,2509,7499,24004,10274,13534,9,7,3
LCK,AF,2021-02-04,24.566666666666666,Jungle,Dread,80,0,3,6,1,7551,14,101,80,3,9364,8902,185,9782,25796,14132,11298,16,4,7
LCK,AF,2021-02-04,24.566666666666666,Mid,Fly,134,0,0,3,3,8002,191,12,12,0,10865,885,9979,1411,8853,4206,4482,11,3,4
LCK,AF,2021-02-04,24.566666666666666,Bot,Bang,360,0,0,4,1,7337,166,4,1,0,7390,6208,1181,1999,11105,6378,4083,10,1,3
LCK,AF,2021-02-04,24.566666666666666,Support,Lehends,497,0,0,5,2,5175,22,0,0,0,5358,1090,3706,2421,10407,3931,6353,41,13,18
