League,team,date,min,role,name,hero,win,kills,deaths,assists,goldEarned,totalMinionsKilled,neutralMinionsKilled,neutralMinionsKilledTeamJungle,neutralMinionsKilledEnemyJungle,totalDamageDealtToChampions,physicalDamageDealtToChampions,magicDamageDealtToChampions,totalHeal,totalDamageTaken,physicalDamageTaken,magicalDamageTaken,wardsPlaced,wardsKilled,visionWardsBoughtInGame
LCS,IMT,2021-03-06,25.783333333333335,Top,Revenge,58,0,1,3,1,8302,187,5,2,0,4044,3703,341,4761,19821,13258,6101,12,5,6
LCS,IMT,2021-03-06,25.783333333333335,Jungle,Xerxe,120,0,0,2,1,7637,11,157,121,8,2492,1436,756,12585,23001,16267,5714,7,7,5
LCS,IMT,2021-03-06,25.783333333333335,Mid,Insanity,134,0,1,3,0,9036,235,4,4,0,5081,158,4923,867,7187,5823,1337,13,3,5
LCS,IMT,2021-03-06,25.783333333333335,Bot,Raes,18,0,1,2,1,9423,247,14,14,0,5776,4222,657,1969,8765,5884,2354,23,16,2
LCS,IMT,2021-03-06,25.783333333333335,Support,Destiny,12,0,0,2,1,5090,31,0,0,0,2305,140,1606,1334,6033,3829,1662,32,7,13
LCS,CLG,2021-03-06,25.783333333333335,Top,Finn,14,1,1,1,10,10309,203,12,4,0,10877,7179,3698,2256,17381,8097,1912,11,7,4
LCS,CLG,2021-03-06,25.783333333333335,Jungle,Broxah,876,1,1,0,6,9827,30,180,112,20,7568,109,5627,12104,22835,17918,4698,5,11,5
LCS,CLG,2021-03-06,25.783333333333335,Mid,Pobelter,236,1,0,1,7,11163,239,7,5,0,5782,4748,789,1155,7479,4767,2322,13,8,7
LCS,CLG,2021-03-06,25.783333333333335,Bot,WildTurtle,429,1,9,0,1,13441,269,0,0,0,11038,9399,1140,2167,6990,5114,1556,18,12,4
LCS,CLG,2021-03-06,25.783333333333335,Support,Smoothie,111,1,1,1,6,6363,33,0,0,0,3312,846,2465,398,6055,3341,2259,41,7,13
