League,team,date,min,role,name,hero,win,kills,deaths,assists,goldEarned,totalMinionsKilled,neutralMinionsKilled,neutralMinionsKilledTeamJungle,neutralMinionsKilledEnemyJungle,totalDamageDealtToChampions,physicalDamageDealtToChampions,magicDamageDealtToChampions,totalHeal,totalDamageTaken,physicalDamageTaken,magicalDamageTaken,wardsPlaced,wardsKilled,visionWardsBoughtInGame
LEC,FNC,2021-02-06,28.566666666666666,Top,Bwipo,106,1,7,2,3,12126,210,19,7,9,15553,12225,3087,6534,22233,13350,4634,16,9,10
LEC,FNC,2021-02-06,28.566666666666666,Jungle,Selfmade,163,1,4,2,9,11022,19,169,113,8,10640,677,8942,8900,15774,10898,4112,12,4,6
LEC,FNC,2021-02-06,28.566666666666666,Mid,Nisqy,268,1,4,0,7,11522,197,24,16,4,12208,729,11478,4067,10588,4301,4867,18,3,8
LEC,FNC,2021-02-06,28.566666666666666,Bot,Upset,523,1,3,0,7,13329,248,28,16,8,9614,7887,665,1589,3215,1036,1979,14,14,5
LEC,FNC,2021-02-06,28.566666666666666,Support,Hylissang,412,1,1,5,3,6803,38,0,0,0,2148,132,1639,1201,11383,5064,5006,41,15,16
LEC,G2,2021-02-06,28.566666666666666,Top,Wunder,164,0,2,6,1,9397,201,7,3,0,11229,7689,734,2888,20655,13208,6238,15,8,7
LEC,G2,2021-02-06,28.566666666666666,Jungle,Jankos,876,0,0,4,3,8380,29,129,91,0,5436,292,3648,10814,22093,15894,6007,24,8,8
LEC,G2,2021-02-06,28.566666666666666,Mid,Caps,142,0,3,2,2,10163,189,20,16,0,14478,1487,10830,3045,12211,6572,5289,11,7,4
LEC,G2,2021-02-06,28.566666666666666,Bot,Rekkles,145,0,3,2,2,11847,247,16,12,4,8037,5881,1533,4235,11237,7991,2980,11,11,5
LEC,G2,2021-02-06,28.566666666666666,Support,Mikyx,12,0,1,5,3,6015,23,0,0,0,2655,234,1560,2329,12907,4489,7735,51,4,21
