League,team,date,min,role,name,hero,win,kills,deaths,assists,goldEarned,totalMinionsKilled,neutralMinionsKilled,neutralMinionsKilledTeamJungle,neutralMinionsKilledEnemyJungle,totalDamageDealtToChampions,physicalDamageDealtToChampions,magicDamageDealtToChampions,totalHeal,totalDamageTaken,physicalDamageTaken,magicalDamageTaken,wardsPlaced,wardsKilled,visionWardsBoughtInGame
LCK,LSB,2021-02-17,32.416666666666664,Top,Summit,41,0,1,3,1,13328,290,4,1,0,16992,11941,4319,5635,19720,14321,4709,13,9,5
LCK,LSB,2021-02-17,32.416666666666664,Jungle,Croco,77,0,0,2,2,9459,29,158,121,0,4112,1993,1768,13503,26423,14816,9951,13,22,12
LCK,LSB,2021-02-17,32.416666666666664,Mid,FATE,268,0,1,3,2,11784,284,20,20,0,14036,248,13787,1787,15042,7069,7546,17,11,8
LCK,LSB,2021-02-17,32.416666666666664,Bot,Route,145,0,1,2,1,11709,300,16,5,0,7008,4304,1793,3651,11218,7305,3655,18,25,9
LCK,LSB,2021-02-17,32.416666666666664,Support,Effort,12,0,0,3,1,6120,39,0,0,0,3285,243,3041,5092,16848,6745,7776,43,14,17
LCK,BRO,2021-02-17,32.416666666666664,Top,Hoya,150,1,3,1,6,11732,211,25,14,0,14044,12662,1382,5411,19451,13832,5161,20,3,13
LCK,BRO,2021-02-17,32.416666666666664,Jungle,UmTi,876,1,3,1,7,11607,31,185,134,4,13776,308,8806,16310,30781,22371,8059,33,18,12
LCK,BRO,2021-02-17,32.416666666666664,Mid,Lava,61,1,3,0,9,15223,311,37,25,7,16910,660,16212,1901,12174,3789,7791,18,9,7
LCK,BRO,2021-02-17,32.416666666666664,Bot,Hena,429,1,4,0,6,14675,325,10,10,0,12054,11419,504,2969,9879,5437,4324,20,11,7
LCK,BRO,2021-02-17,32.416666666666664,Support,Delight,497,1,0,1,12,7603,22,0,0,0,5912,638,4747,6774,9723,4227,5022,72,20,12
