League,team,date,min,role,name,hero,win,kills,deaths,assists,goldEarned,totalMinionsKilled,neutralMinionsKilled,neutralMinionsKilledTeamJungle,neutralMinionsKilledEnemyJungle,totalDamageDealtToChampions,physicalDamageDealtToChampions,magicDamageDealtToChampions,totalHeal,totalDamageTaken,physicalDamageTaken,magicalDamageTaken,wardsPlaced,wardsKilled,visionWardsBoughtInGame
LCK,GEN,2021-02-05,23.683333333333334,Top,Rascal,164,1,5,1,6,10467,172,4,0,0,13380,7498,623,5184,14808,7679,5621,7,7,5
LCK,GEN,2021-02-05,23.683333333333334,Jungle,Clid,2,1,10,0,15,12339,17,124,76,13,21700,15225,0,15875,23160,14071,8326,10,6,10
LCK,GEN,2021-02-05,23.683333333333334,Mid,Bdd,134,1,5,1,9,11128,213,16,12,4,18286,900,17198,1682,9481,3616,5710,7,2,3
LCK,GEN,2021-02-05,23.683333333333334,Bot,Ruler,523,1,8,1,8,12513,216,21,13,4,17918,14845,1006,2653,7248,3989,3179,13,10,7
LCK,GEN,2021-02-05,23.683333333333334,Support,Life,111,1,1,1,22,7043,25,0,0,0,4961,1453,3507,2257,8992,4438,4129,30,5,11
LCK,NS,2021-02-05,23.683333333333334,Top,Rich,79,0,1,6,2,6299,141,0,0,0,10720,1583,9136,6913,27930,14828,8177,8,2,1
LCK,NS,2021-02-05,23.683333333333334,Jungle,Peanut,203,0,0,5,4,6995,16,131,94,7,10137,6453,1888,13556,28140,18498,6895,4,5,4
LCK,NS,2021-02-05,23.683333333333334,Mid,Bay,268,0,0,6,3,6868,170,4,4,0,9642,650,8991,1199,14111,8308,3337,9,0,4
LCK,NS,2021-02-05,23.683333333333334,Bot,deokdam,145,0,2,6,1,9570,185,4,0,0,7254,5812,1309,2758,12987,8683,2548,12,2,3
LCK,NS,2021-02-05,23.683333333333334,Support,Kellin,147,0,1,6,3,5601,20,0,0,0,4220,1014,3205,4124,12456,7231,3129,29,6,8
