League,team,date,min,role,name,hero,win,kills,deaths,assists,goldEarned,totalMinionsKilled,neutralMinionsKilled,neutralMinionsKilledTeamJungle,neutralMinionsKilledEnemyJungle,totalDamageDealtToChampions,physicalDamageDealtToChampions,magicDamageDealtToChampions,totalHeal,totalDamageTaken,physicalDamageTaken,magicalDamageTaken,wardsPlaced,wardsKilled,visionWardsBoughtInGame
LCK,KT,2021-01-31,34.96666666666667,Top,Doran,516,0,1,3,6,12847,269,2,1,0,14458,4576,9881,2054,24651,20226,3287,24,5,14
LCK,KT,2021-01-31,34.96666666666667,Jungle,Blank,120,0,2,1,3,11734,25,189,125,13,3952,3310,341,16200,27350,19573,7727,34,17,12
LCK,KT,2021-01-31,34.96666666666667,Mid,Ucal,268,0,2,4,6,13814,299,19,12,5,19418,1147,18271,2545,13269,5550,7652,16,6,5
LCK,KT,2021-01-31,34.96666666666667,Bot,HyBriD,145,0,9,1,1,17656,312,32,19,5,21994,16051,4521,7368,15363,12727,2501,34,20,5
LCK,KT,2021-01-31,34.96666666666667,Support,Zzus,12,0,0,5,9,7573,31,0,0,0,4164,207,3234,4357,14224,9865,3613,65,12,23
LCK,NS,2021-01-31,34.96666666666667,Top,Rich,266,1,3,3,3,12048,229,4,4,0,13359,13359,0,12596,31077,17562,12064,12,14,4
LCK,NS,2021-01-31,34.96666666666667,Jungle,Peanut,203,1,1,4,5,11674,40,197,131,11,8589,5460,2574,14956,31484,21312,9820,10,31,9
LCK,NS,2021-01-31,34.96666666666667,Mid,Bay,61,1,3,2,7,14133,284,32,21,4,13255,524,12580,993,12236,3764,8342,21,6,13
LCK,NS,2021-01-31,34.96666666666667,Bot,deokdam,498,1,6,3,3,17836,376,32,22,10,18985,17829,708,1051,12335,8323,3886,17,25,9
LCK,NS,2021-01-31,34.96666666666667,Support,Kellin,412,1,1,2,9,8412,43,0,0,0,5142,718,3444,1727,10196,3505,6304,80,18,22
