League,team,date,min,role,name,hero,win,kills,deaths,assists,goldEarned,totalMinionsKilled,neutralMinionsKilled,neutralMinionsKilledTeamJungle,neutralMinionsKilledEnemyJungle,totalDamageDealtToChampions,physicalDamageDealtToChampions,magicDamageDealtToChampions,totalHeal,totalDamageTaken,physicalDamageTaken,magicalDamageTaken,wardsPlaced,wardsKilled,visionWardsBoughtInGame
LEC,G2,2021-02-27,27.166666666666668,Top,Wunder,79,1,4,2,11,12353,241,8,4,4,9544,1559,7984,11989,22149,14126,6574,12,3,3
LEC,G2,2021-02-27,27.166666666666668,Jungle,Jankos,2,1,12,0,6,13094,30,143,86,8,13430,8964,366,18075,24509,14783,8228,11,13,9
LEC,G2,2021-02-27,27.166666666666668,Mid,Caps,134,1,2,1,12,12125,204,22,18,1,11714,921,10793,2055,9850,3498,5267,7,5,2
LEC,G2,2021-02-27,27.166666666666668,Bot,Rekkles,202,1,5,0,6,13030,273,16,4,4,8499,8147,203,2837,5531,4247,1067,12,8,4
LEC,G2,2021-02-27,27.166666666666668,Support,Mikyx,526,1,1,4,11,7304,36,1,0,0,6042,535,4794,1609,11807,6750,3915,39,11,14
LEC,FNC,2021-02-27,27.166666666666668,Top,Bwipo,777,0,2,6,1,9321,192,16,9,1,10977,7268,2279,2277,17772,9043,8071,17,2,11
LEC,FNC,2021-02-27,27.166666666666668,Jungle,Selfmade,876,0,2,4,4,8325,16,137,111,8,9574,405,6011,9177,23105,13716,8885,10,6,9
LEC,FNC,2021-02-27,27.166666666666668,Mid,Nisqy,268,0,0,4,2,9129,225,5,4,0,9599,95,9503,1370,12240,7455,3830,12,4,5
LEC,FNC,2021-02-27,27.166666666666668,Bot,Upset,429,0,3,4,1,10742,241,18,18,0,7344,6625,718,2083,12918,7850,3784,17,10,8
LEC,FNC,2021-02-27,27.166666666666668,Support,Hylissang,12,0,0,6,6,5806,29,1,1,0,4813,563,3450,2218,13264,7547,4156,38,7,13
