League,team,date,min,role,name,hero,win,kills,deaths,assists,goldEarned,totalMinionsKilled,neutralMinionsKilled,neutralMinionsKilledTeamJungle,neutralMinionsKilledEnemyJungle,totalDamageDealtToChampions,physicalDamageDealtToChampions,magicDamageDealtToChampions,totalHeal,totalDamageTaken,physicalDamageTaken,magicalDamageTaken,wardsPlaced,wardsKilled,visionWardsBoughtInGame
LCK,LSB,2021-01-28,33.38333333333333,Top,Summit,150,0,4,2,6,11998,230,6,3,0,27007,21393,5613,6852,28227,13223,12959,18,13,9
LCK,LSB,2021-01-28,33.38333333333333,Jungle,Croco,80,0,2,5,5,9428,29,104,82,1,10436,9393,527,11367,28662,18435,9674,40,19,16
LCK,LSB,2021-01-28,33.38333333333333,Mid,FATE,112,0,1,2,6,11928,257,34,30,0,20897,517,20289,981,12810,4354,8163,20,2,10
LCK,LSB,2021-01-28,33.38333333333333,Bot,Leo,202,0,6,4,3,13627,229,8,8,0,18835,16246,2066,4143,16165,9130,6496,17,7,6
LCK,LSB,2021-01-28,33.38333333333333,Support,Effort,223,0,0,6,5,6599,39,0,0,0,4019,391,3628,3767,18959,8813,9929,49,15,16
LCK,T1,2021-01-28,33.38333333333333,Top,Canna,39,1,2,5,7,13818,282,35,7,13,14178,8221,5957,11029,30745,21489,9054,16,4,4
LCK,T1,2021-01-28,33.38333333333333,Jungle,Cuzz,77,1,6,1,10,13379,36,171,95,17,13467,3604,8074,26922,39547,28615,10293,15,28,11
LCK,T1,2021-01-28,33.38333333333333,Mid,Clozer,61,1,1,1,12,12880,257,32,29,0,15849,569,15255,5539,13806,9909,3896,13,13,7
LCK,T1,2021-01-28,33.38333333333333,Bot,Teddy,429,1,7,4,9,16900,286,25,16,5,15483,15039,195,7043,17973,12611,5266,17,16,7
LCK,T1,2021-01-28,33.38333333333333,Support,Keria,518,1,3,2,10,9464,28,1,1,0,18612,799,16229,6527,17406,10979,6234,50,21,18
