League,team,date,min,role,name,hero,win,kills,deaths,assists,goldEarned,totalMinionsKilled,neutralMinionsKilled,neutralMinionsKilledTeamJungle,neutralMinionsKilledEnemyJungle,totalDamageDealtToChampions,physicalDamageDealtToChampions,magicDamageDealtToChampions,totalHeal,totalDamageTaken,physicalDamageTaken,magicalDamageTaken,wardsPlaced,wardsKilled,visionWardsBoughtInGame
LEC,SK,2021-01-30,29.566666666666666,Top,Jenax,106,1,2,1,9,12616,245,16,5,0,13314,8819,4495,6251,20258,13402,5058,11,3,3
LEC,SK,2021-01-30,29.566666666666666,Jungle,TynX,163,1,6,1,9,12886,33,195,123,25,12446,451,10682,8297,13640,9868,3351,8,17,9
LEC,SK,2021-01-30,29.566666666666666,Mid,Blue,4,1,4,1,11,13992,269,8,8,0,13519,1222,12013,2286,9004,5315,2618,3,11,1
LEC,SK,2021-01-30,29.566666666666666,Bot,Jezu,67,1,6,0,4,12862,242,13,9,0,10051,6380,0,3020,7969,5010,1981,14,5,7
LEC,SK,2021-01-30,29.566666666666666,Support,Treatz,526,1,1,2,14,7675,29,0,0,0,2678,701,1976,1433,9592,5504,2771,35,10,13
LEC,MSF,2021-01-30,29.566666666666666,Top,HiRit,164,0,2,5,1,9953,194,8,5,0,9411,6099,828,6360,25777,13701,9898,9,1,3
LEC,MSF,2021-01-30,29.566666666666666,Jungle,Razork,876,0,1,6,3,9163,25,154,121,3,9417,512,6484,9984,26721,15548,10491,19,9,8
LEC,MSF,2021-01-30,29.566666666666666,Mid,Vetheo,777,0,1,2,3,11029,263,20,20,0,3516,2046,989,2943,10910,3545,6978,11,4,5
LEC,MSF,2021-01-30,29.566666666666666,Bot,Kobbe,202,0,1,1,1,10909,285,16,13,0,9338,7476,1664,1234,7454,4762,2591,10,2,2
LEC,MSF,2021-01-30,29.566666666666666,Support,Vander,3,0,0,5,3,5809,35,0,0,0,3373,35,3337,0,10551,6486,2143,46,8,15
