League,team,date,min,role,name,hero,win,kills,deaths,assists,goldEarned,totalMinionsKilled,neutralMinionsKilled,neutralMinionsKilledTeamJungle,neutralMinionsKilledEnemyJungle,totalDamageDealtToChampions,physicalDamageDealtToChampions,magicDamageDealtToChampions,totalHeal,totalDamageTaken,physicalDamageTaken,magicalDamageTaken,wardsPlaced,wardsKilled,visionWardsBoughtInGame
LCK,NS,2021-02-25,35.766666666666666,Top,Rich,266,0,2,2,1,13766,312,19,10,1,15543,15204,263,9148,25623,19243,5117,11,2,2
LCK,NS,2021-02-25,35.766666666666666,Jungle,Peanut,76,0,0,3,3,11511,57,175,129,8,6709,342,6110,21278,33684,23187,9328,11,35,9
LCK,NS,2021-02-25,35.766666666666666,Mid,Bay,112,0,1,4,5,12470,277,20,12,0,17817,62,17754,1974,16316,11086,4627,15,6,6
LCK,NS,2021-02-25,35.766666666666666,Bot,deokdam,360,0,5,2,1,15356,319,5,1,4,18646,17777,745,3543,17085,10239,6188,13,11,5
LCK,NS,2021-02-25,35.766666666666666,Support,Kellin,12,0,0,3,6,7155,31,0,0,0,3826,478,2483,5208,15593,8913,5875,68,11,23
LCK,T1,2021-02-25,35.766666666666666,Top,Zeus,58,1,1,1,5,14653,333,21,8,13,15075,13175,1900,12313,30378,21461,8490,8,11,3
LCK,T1,2021-02-25,35.766666666666666,Jungle,Oner,876,1,5,2,4,14419,35,227,128,36,14243,667,10120,17653,32629,26106,6396,9,8,7
LCK,T1,2021-02-25,35.766666666666666,Mid,Clozer,236,1,2,3,5,16123,328,27,19,2,14731,11797,2934,3836,18683,6986,11304,15,14,5
LCK,T1,2021-02-25,35.766666666666666,Bot,Teddy,81,1,5,1,3,16576,322,41,20,12,21151,15295,4816,2767,14609,9178,5431,17,5,6
LCK,T1,2021-02-25,35.766666666666666,Support,Keria,3,1,1,1,11,9260,48,1,0,0,8328,184,8143,1708,14134,12293,1467,69,19,25
