League,team,date,min,role,name,hero,win,kills,deaths,assists,goldEarned,totalMinionsKilled,neutralMinionsKilled,neutralMinionsKilledTeamJungle,neutralMinionsKilledEnemyJungle,totalDamageDealtToChampions,physicalDamageDealtToChampions,magicDamageDealtToChampions,totalHeal,totalDamageTaken,physicalDamageTaken,magicalDamageTaken,wardsPlaced,wardsKilled,visionWardsBoughtInGame
LEC,S04,2021-01-29,32.416666666666664,Top,BrokenBlade,164,1,1,2,7,12069,234,18,4,4,13295,6719,809,5450,17550,11445,5105,14,4,9
LEC,S04,2021-01-29,32.416666666666664,Jungle,Gilius,80,1,4,1,11,12167,21,160,101,10,10382,9397,436,14002,23719,14893,8407,7,9,9
LEC,S04,2021-01-29,32.416666666666664,Mid,Abbedagge,61,1,1,2,15,14830,293,28,14,14,17636,601,16930,862,8209,4183,3974,17,6,12
LEC,S04,2021-01-29,32.416666666666664,Bot,Neon,145,1,8,1,4,16523,296,25,8,6,19099,13083,2833,5186,9475,4973,4115,14,15,6
LEC,S04,2021-01-29,32.416666666666664,Support,LIMIT,3,1,3,2,11,9220,47,0,0,0,7254,233,7020,3028,14410,10951,3026,51,9,15
LEC,SK,2021-01-29,32.416666666666664,Top,Jenax,106,0,2,4,4,10502,223,4,4,0,8174,5576,2597,3349,24818,12405,8205,12,3,1
LEC,SK,2021-01-29,32.416666666666664,Jungle,TynX,36,0,5,2,2,11393,19,176,120,13,7421,2351,3844,28085,26619,18734,6446,11,8,10
LEC,SK,2021-01-29,32.416666666666664,Mid,Blue,268,0,0,6,5,11275,283,12,12,0,10042,123,9919,762,15301,8593,6303,13,5,1
LEC,SK,2021-01-29,32.416666666666664,Bot,Jezu,429,0,0,2,6,11607,288,24,17,0,9645,8660,932,2784,10142,5924,3152,13,7,6
LEC,SK,2021-01-29,32.416666666666664,Support,Treatz,12,0,1,3,7,6785,38,0,0,0,4912,650,3251,7058,17006,8549,5969,51,12,15
