League,team,date,min,role,name,hero,win,kills,deaths,assists,goldEarned,totalMinionsKilled,neutralMinionsKilled,neutralMinionsKilledTeamJungle,neutralMinionsKilledEnemyJungle,totalDamageDealtToChampions,physicalDamageDealtToChampions,magicDamageDealtToChampions,totalHeal,totalDamageTaken,physicalDamageTaken,magicalDamageTaken,wardsPlaced,wardsKilled,visionWardsBoughtInGame
LCK,T1,2021-02-03,30.666666666666668,Top,Zeus,79,1,2,0,8,10721,195,0,0,0,13038,1611,11426,13958,23320,15847,7136,8,4,3
LCK,T1,2021-02-03,30.666666666666668,Jungle,Ellim,2,1,3,0,3,10805,29,158,106,12,6732,4192,145,17040,28694,19880,8105,13,7,9
LCK,T1,2021-02-03,30.666666666666668,Mid,Faker,61,1,2,0,6,13178,235,33,17,11,11772,543,11174,1370,7698,4556,3113,15,12,5
LCK,T1,2021-02-03,30.666666666666668,Bot,Gumayusi,67,1,4,2,6,13185,239,30,13,12,13372,8164,181,2288,6433,3668,2765,16,16,7
LCK,T1,2021-02-03,30.666666666666668,Support,Keria,89,1,2,2,7,7855,43,0,0,0,2496,665,1359,3049,12384,7085,4440,54,11,19
LCK,NS,2021-02-03,30.666666666666668,Top,Rich,516,0,0,2,2,9085,211,8,4,0,9085,3488,5596,364,20576,8323,8955,17,8,7
LCK,NS,2021-02-03,30.666666666666668,Jungle,Peanut,77,0,0,4,2,9573,48,156,102,1,3068,1332,1388,10034,25822,16389,6586,7,19,6
LCK,NS,2021-02-03,30.666666666666668,Mid,Bay,134,0,0,3,1,9254,218,17,8,8,10038,265,9773,1118,9024,3825,4589,16,5,7
LCK,NS,2021-02-03,30.666666666666668,Bot,deokdam,145,0,4,2,0,12852,274,22,22,0,15324,11232,2507,4548,12051,6700,4965,13,11,6
LCK,NS,2021-02-03,30.666666666666668,Support,Kellin,147,0,0,2,3,6297,15,0,0,0,5358,1328,4030,4797,5149,2686,1653,54,12,15
