League,team,date,min,role,name,hero,win,kills,deaths,assists,goldEarned,totalMinionsKilled,neutralMinionsKilled,neutralMinionsKilledTeamJungle,neutralMinionsKilledEnemyJungle,totalDamageDealtToChampions,physicalDamageDealtToChampions,magicDamageDealtToChampions,totalHeal,totalDamageTaken,physicalDamageTaken,magicalDamageTaken,wardsPlaced,wardsKilled,visionWardsBoughtInGame
LCS,100,2021-02-08,30.416666666666668,Top,Ssumday,58,1,1,2,8,12312,243,16,0,5,11580,10137,1442,6372,20670,12258,6895,16,7,6
LCS,100,2021-02-08,30.416666666666668,Jungle,Closer,163,1,5,0,4,14954,38,263,159,41,11922,406,10342,12148,18427,14506,3920,9,6,9
LCS,100,2021-02-08,30.416666666666668,Mid,Damonte,875,1,1,1,9,10666,210,0,0,0,9672,6267,1346,6072,25370,12330,11725,17,6,11
LCS,100,2021-02-08,30.416666666666668,Bot,FBI,235,1,6,0,7,11496,43,16,4,4,18157,16913,0,7220,5029,3775,1183,37,9,11
LCS,100,2021-02-08,30.416666666666668,Support,huhi,223,1,1,1,10,11492,215,0,0,0,3529,365,3164,2844,13816,7117,4394,11,2,11
LCS,DIG,2021-02-08,30.416666666666668,Top,FakeGod,79,0,1,5,1,8663,187,0,0,0,6324,1026,5297,5329,18746,14515,3570,12,4,4
LCS,DIG,2021-02-08,30.416666666666668,Jungle,Dardoch,107,0,0,4,2,8132,18,138,114,0,5970,4955,670,18930,32497,23733,7334,9,13,9
LCS,DIG,2021-02-08,30.416666666666668,Mid,Soligo,134,0,0,2,3,10110,261,8,8,0,16213,1615,14598,4,7123,4429,1939,12,6,7
LCS,DIG,2021-02-08,30.416666666666668,Bot,Neo,145,0,2,3,1,11320,262,12,8,0,12221,8184,2654,4364,13378,10049,2728,15,6,8
LCS,DIG,2021-02-08,30.416666666666668,Support,aphromoo,53,0,1,1,2,6059,33,0,0,0,3133,679,1976,834,9773,5835,2906,27,10,9
