League,team,date,min,role,name,hero,win,kills,deaths,assists,goldEarned,totalMinionsKilled,neutralMinionsKilled,neutralMinionsKilledTeamJungle,neutralMinionsKilledEnemyJungle,totalDamageDealtToChampions,physicalDamageDealtToChampions,magicDamageDealtToChampions,totalHeal,totalDamageTaken,physicalDamageTaken,magicalDamageTaken,wardsPlaced,wardsKilled,visionWardsBoughtInGame
LCK,DK,2021-02-25,44.03333333333333,Top,Khan,14,1,3,2,7,14552,277,17,3,0,22613,11882,8652,6399,36029,21658,14099,15,11,10
LCK,DK,2021-02-25,44.03333333333333,Jungle,Canyon,77,1,2,2,12,15185,57,201,114,29,14333,4673,7071,21279,45840,30356,14442,18,35,19
LCK,DK,2021-02-25,44.03333333333333,Mid,ShowMaker,134,1,2,3,8,17785,357,71,53,13,24682,887,22730,1747,17302,10232,6413,18,4,5
LCK,DK,2021-02-25,44.03333333333333,Bot,Ghost,145,1,8,4,4,21023,353,47,19,12,35165,23809,7198,12236,23331,16959,5805,39,15,7
LCK,DK,2021-02-25,44.03333333333333,Support,BeryL,497,1,1,6,13,10736,31,0,0,0,10825,990,6323,6010,19696,12003,7419,84,30,29
LCK,LSB,2021-02-25,44.03333333333333,Top,Summit,150,0,8,2,9,20806,360,22,0,9,35699,25725,9348,16469,43477,23574,15259,24,15,8
LCK,LSB,2021-02-25,44.03333333333333,Jungle,OnFleek,104,0,3,5,7,15973,124,174,131,12,16864,14108,2204,9615,26141,15035,9445,18,34,14
LCK,LSB,2021-02-25,44.03333333333333,Mid,FATE,61,0,3,2,12,17884,348,35,31,1,26434,1001,24956,2328,15214,8086,6180,21,14,12
LCK,LSB,2021-02-25,44.03333333333333,Bot,Prince,360,0,2,4,11,16150,316,21,21,0,23735,20929,2806,7592,29908,18829,8640,22,17,8
LCK,LSB,2021-02-25,44.03333333333333,Support,Effort,12,0,1,3,9,9448,43,0,0,0,7844,547,6141,15519,29778,11545,14522,91,14,29
