League,team,date,min,role,name,hero,win,kills,deaths,assists,goldEarned,totalMinionsKilled,neutralMinionsKilled,neutralMinionsKilledTeamJungle,neutralMinionsKilledEnemyJungle,totalDamageDealtToChampions,physicalDamageDealtToChampions,magicDamageDealtToChampions,totalHeal,totalDamageTaken,physicalDamageTaken,magicalDamageTaken,wardsPlaced,wardsKilled,visionWardsBoughtInGame
LCS,EG,2021-03-06,32.68333333333333,Top,Impact,150,0,2,4,3,12315,251,12,8,0,16140,12327,3813,4166,21913,13573,5130,18,7,7
LCS,EG,2021-03-06,32.68333333333333,Jungle,Svenskeren,36,0,0,7,2,8506,20,137,101,4,6782,990,5544,19289,27731,16690,8090,7,17,6
LCS,EG,2021-03-06,32.68333333333333,Mid,Jiizuke,61,0,1,2,5,13220,294,40,38,2,11123,719,10403,2679,14646,8224,5184,10,6,7
LCS,EG,2021-03-06,32.68333333333333,Bot,Deftly,145,0,4,3,2,13713,292,28,20,0,15921,9923,3879,4973,13558,9316,1397,29,17,4
LCS,EG,2021-03-06,32.68333333333333,Support,IgNar,12,0,0,3,3,6800,34,0,0,0,3370,320,2219,3948,14421,5807,4997,50,9,13
LCS,IMT,2021-03-06,32.68333333333333,Top,Revenge,164,1,2,2,7,12601,223,20,16,1,11189,5823,601,3440,20377,14259,5735,17,4,7
LCS,IMT,2021-03-06,32.68333333333333,Jungle,Xerxe,120,1,4,0,10,12165,31,188,117,7,9148,7629,1151,20752,30247,19256,10487,10,18,8
LCS,IMT,2021-03-06,32.68333333333333,Mid,Insanity,268,1,6,2,10,14847,259,16,12,0,17139,112,16926,2723,13687,5879,6944,18,4,8
LCS,IMT,2021-03-06,32.68333333333333,Bot,Raes,67,1,6,2,8,14992,270,22,16,5,19446,11834,0,4695,11931,7224,3947,12,14,5
LCS,IMT,2021-03-06,32.68333333333333,Support,Destiny,526,1,1,1,10,8051,35,2,0,2,5409,183,4211,1548,9748,5853,3206,52,11,13
