League,team,date,min,role,name,hero,win,kills,deaths,assists,goldEarned,totalMinionsKilled,neutralMinionsKilled,neutralMinionsKilledTeamJungle,neutralMinionsKilledEnemyJungle,totalDamageDealtToChampions,physicalDamageDealtToChampions,magicDamageDealtToChampions,totalHeal,totalDamageTaken,physicalDamageTaken,magicalDamageTaken,wardsPlaced,wardsKilled,visionWardsBoughtInGame
LEC,XL,2021-01-29,27.566666666666666,Top,Kryze,79,0,0,1,1,8867,210,10,5,4,5696,880,4816,10205,18326,13468,4714,10,3,2
LEC,XL,2021-01-29,27.566666666666666,Jungle,Dan,104,0,1,2,2,7999,17,132,106,8,5941,5260,210,4912,12973,9845,2873,8,9,5
LEC,XL,2021-01-29,27.566666666666666,Mid,Czekolad,134,0,2,2,1,9670,214,8,8,0,11899,509,11390,1526,10953,3748,7205,13,2,5
LEC,XL,2021-01-29,27.566666666666666,Bot,Patrik,145,0,1,3,1,9071,212,7,6,0,10582,8261,2008,3232,14180,10150,3970,13,3,5
LEC,XL,2021-01-29,27.566666666666666,Support,Tore,12,0,0,4,3,5441,29,0,0,0,2379,323,1461,3738,12486,8130,3720,41,9,13
LEC,MAD,2021-01-29,27.566666666666666,Top,Armut,266,1,4,2,3,10634,181,26,5,5,15168,14218,889,7518,23737,15991,7173,14,3,5
LEC,MAD,2021-01-29,27.566666666666666,Jungle,Elyoya,427,1,0,0,9,8889,21,135,91,12,2085,678,1190,8526,5655,2916,2739,8,15,9
LEC,MAD,2021-01-29,27.566666666666666,Mid,Humanoid,61,1,4,1,5,12230,250,12,5,4,14984,593,14390,1944,10491,4729,5690,11,8,2
LEC,MAD,2021-01-29,27.566666666666666,Bot,Carzzy,498,1,4,0,4,14589,260,28,13,4,15445,13597,1549,2378,6904,4325,2292,12,6,5
LEC,MAD,2021-01-29,27.566666666666666,Support,Kaiser,89,1,0,1,11,7187,32,0,0,0,3937,966,2450,1770,8683,4441,3795,37,8,13
