League,team,date,min,role,name,hero,win,kills,deaths,assists,goldEarned,totalMinionsKilled,neutralMinionsKilled,neutralMinionsKilledTeamJungle,neutralMinionsKilledEnemyJungle,totalDamageDealtToChampions,physicalDamageDealtToChampions,magicDamageDealtToChampions,totalHeal,totalDamageTaken,physicalDamageTaken,magicalDamageTaken,wardsPlaced,wardsKilled,visionWardsBoughtInGame
LEC,G2,2021-02-12,42.5,Top,Wunder,58,1,2,8,10,15284,258,36,18,4,18680,16504,1980,18347,62206,39424,18579,20,7,5
LEC,G2,2021-02-12,42.5,Jungle,Jankos,2,1,4,4,10,15598,69,209,138,15,18929,13461,0,31515,61387,42237,16317,13,9,11
LEC,G2,2021-02-12,42.5,Mid,Caps,13,1,10,5,4,21228,337,74,27,19,31743,661,30664,8744,25876,18211,6902,19,2,4
LEC,G2,2021-02-12,42.5,Bot,Rekkles,235,1,8,1,11,17216,108,31,23,0,55452,45061,1185,21399,17226,12096,5129,32,29,4
LEC,G2,2021-02-12,42.5,Support,Mikyx,223,1,0,4,19,12779,182,2,2,0,10847,1242,9244,14992,44227,26566,13812,35,4,19
LEC,MSF,2021-02-12,42.5,Top,HiRit,14,0,0,6,11,12372,232,4,4,0,22026,12932,8724,6755,60652,39847,12254,13,5,6
LEC,MSF,2021-02-12,42.5,Jungle,Razork,104,0,11,5,6,18714,110,165,121,8,54492,50148,1675,6136,37349,22992,11431,10,11,8
LEC,MSF,2021-02-12,42.5,Mid,Vetheo,134,0,7,6,6,17678,359,37,35,0,40067,1468,38326,2242,19911,10424,8280,12,5,3
LEC,MSF,2021-02-12,42.5,Bot,Kobbe,202,0,3,2,9,14880,279,20,16,0,27963,26186,1470,3713,15453,8361,6676,9,7,0
LEC,MSF,2021-02-12,42.5,Support,Vander,497,0,1,5,11,9307,38,0,0,0,6946,1050,5078,9319,20625,13083,4993,79,15,26
