League,team,date,min,role,name,hero,win,kills,deaths,assists,goldEarned,totalMinionsKilled,neutralMinionsKilled,neutralMinionsKilledTeamJungle,neutralMinionsKilledEnemyJungle,totalDamageDealtToChampions,physicalDamageDealtToChampions,magicDamageDealtToChampions,totalHeal,totalDamageTaken,physicalDamageTaken,magicalDamageTaken,wardsPlaced,wardsKilled,visionWardsBoughtInGame
LCK,DRX,2021-01-20,43.13333333333333,Top,Kingen,517,1,5,3,12,16698,277,20,1,8,19975,2805,17069,10632,30804,20105,9033,9,4,5
LCK,DRX,2021-01-20,43.13333333333333,Jungle,Pyosik,2,1,4,2,9,15722,74,216,154,12,14118,9215,0,29139,54350,35070,15861,13,32,12
LCK,DRX,2021-01-20,43.13333333333333,Mid,SOLKA,134,1,0,2,9,16399,380,31,31,0,14304,682,13546,2426,13771,8823,4114,25,8,10
LCK,DRX,2021-01-20,43.13333333333333,Bot,BAO,360,1,13,3,6,21024,364,28,16,4,31811,27134,3750,8029,24420,13814,9579,15,15,2
LCK,DRX,2021-01-20,43.13333333333333,Support,Becca,526,1,1,2,15,9754,44,0,0,0,4102,268,3511,2675,15435,8259,5795,83,14,22
LCK,NS,2021-01-20,43.13333333333333,Top,Rich,150,0,1,7,7,15506,259,43,23,8,20597,15612,4234,10614,41826,24825,14745,13,6,3
LCK,NS,2021-01-20,43.13333333333333,Jungle,Peanut,76,0,0,3,7,15478,56,250,162,22,18812,482,16674,27282,37933,25398,11348,11,40,10
LCK,NS,2021-01-20,43.13333333333333,Mid,Bay,61,0,1,4,4,16829,374,8,8,0,12139,237,11196,664,14330,6980,7273,30,8,13
LCK,NS,2021-01-20,43.13333333333333,Bot,deokdam,145,0,10,6,0,20769,360,32,24,0,25561,17129,4276,7246,24012,16335,5733,17,9,7
LCK,NS,2021-01-20,43.13333333333333,Support,Kellin,497,0,0,3,8,9286,45,0,0,0,4850,652,3139,3396,11554,6782,3906,132,18,27
