League,team,date,min,role,name,hero,win,kills,deaths,assists,goldEarned,totalMinionsKilled,neutralMinionsKilled,neutralMinionsKilledTeamJungle,neutralMinionsKilledEnemyJungle,totalDamageDealtToChampions,physicalDamageDealtToChampions,magicDamageDealtToChampions,totalHeal,totalDamageTaken,physicalDamageTaken,magicalDamageTaken,wardsPlaced,wardsKilled,visionWardsBoughtInGame
LEC,SK,2021-03-05,29.866666666666667,Top,Jenax,58,0,0,1,1,10186,249,2,0,0,6002,5517,484,6019,19022,15546,2978,13,5,3
LEC,SK,2021-03-05,29.866666666666667,Jungle,TynX,120,0,0,2,3,8656,18,165,121,5,4929,3493,705,15623,26591,18661,7407,12,10,11
LEC,SK,2021-03-05,29.866666666666667,Mid,Blue,61,0,0,1,1,11134,292,20,20,0,9516,365,9150,1386,8434,2496,5517,13,6,3
LEC,SK,2021-03-05,29.866666666666667,Bot,Jezu,202,0,3,2,0,11347,264,8,8,0,9778,8777,790,2740,7435,5636,1390,13,8,4
LEC,SK,2021-03-05,29.866666666666667,Support,Treatz,526,0,0,2,3,5939,29,0,0,0,3270,376,2454,983,8923,4944,3616,55,7,16
LEC,VIT,2021-03-05,29.866666666666667,Top,Szygenda,150,1,0,0,5,12665,286,16,5,3,13237,10930,2306,4132,12350,8584,3666,19,9,9
LEC,VIT,2021-03-05,29.866666666666667,Jungle,Skeanz,72,1,0,0,5,9521,19,153,93,5,2105,694,1202,10124,17991,14325,3369,13,13,12
LEC,VIT,2021-03-05,29.866666666666667,Mid,Milica,268,1,3,0,2,13998,295,29,24,5,9538,125,9412,1232,8430,4057,4373,16,7,7
LEC,VIT,2021-03-05,29.866666666666667,Bot,Crownshot,18,1,5,1,3,13840,270,26,16,6,11475,9138,1179,3903,7297,5425,1787,23,12,2
LEC,VIT,2021-03-05,29.866666666666667,Support,Labrov,12,1,0,2,8,7736,40,0,0,0,5086,429,3810,6656,12047,7657,3490,43,13,17
