League,team,date,min,role,name,hero,win,kills,deaths,assists,goldEarned,totalMinionsKilled,neutralMinionsKilled,neutralMinionsKilledTeamJungle,neutralMinionsKilledEnemyJungle,totalDamageDealtToChampions,physicalDamageDealtToChampions,magicDamageDealtToChampions,totalHeal,totalDamageTaken,physicalDamageTaken,magicalDamageTaken,wardsPlaced,wardsKilled,visionWardsBoughtInGame
LCK,DRX,2021-02-27,38.53333333333333,Top,Kingen,58,0,4,5,7,16341,295,13,1,8,17779,15143,2523,13216,49846,29153,18307,11,8,7
LCK,DRX,2021-02-27,38.53333333333333,Jungle,Pyosik,76,0,3,2,7,15405,56,245,168,22,21923,835,20357,33236,43983,27908,14933,33,24,8
LCK,DRX,2021-02-27,38.53333333333333,Mid,SOLKA,61,0,2,1,7,14466,273,25,25,0,24272,859,22916,3403,22477,10855,10665,19,7,6
LCK,DRX,2021-02-27,38.53333333333333,Bot,BAO,223,0,2,4,6,12083,230,0,0,0,8804,571,8207,10216,34880,18562,15394,14,10,7
LCK,DRX,2021-02-27,38.53333333333333,Support,Becca,235,0,3,3,8,10890,63,4,4,0,15542,14027,0,19730,19077,7842,10486,50,15,11
LCK,HLE,2021-02-27,38.53333333333333,Top,Morgan,79,1,2,4,10,13338,226,10,5,0,18371,1504,15522,18952,36193,19292,15941,14,8,7
LCK,HLE,2021-02-27,38.53333333333333,Jungle,yoHan,30,1,2,4,6,13533,34,216,163,0,34833,119,32420,16665,34177,20240,13760,19,8,9
LCK,HLE,2021-02-27,38.53333333333333,Mid,Chovy,236,1,7,2,6,21574,416,29,7,18,42068,36099,5679,4442,23354,11441,11473,14,19,2
LCK,HLE,2021-02-27,38.53333333333333,Bot,Deft,145,1,4,3,6,18045,346,45,25,4,26972,18897,5968,7834,18920,10028,7469,30,12,4
LCK,HLE,2021-02-27,38.53333333333333,Support,Vsta,201,1,0,1,10,8832,34,0,0,0,7718,1188,6410,3683,18071,7645,9543,71,15,19
