League,team,date,min,role,name,hero,win,kills,deaths,assists,goldEarned,totalMinionsKilled,neutralMinionsKilled,neutralMinionsKilledTeamJungle,neutralMinionsKilledEnemyJungle,totalDamageDealtToChampions,physicalDamageDealtToChampions,magicDamageDealtToChampions,totalHeal,totalDamageTaken,physicalDamageTaken,magicalDamageTaken,wardsPlaced,wardsKilled,visionWardsBoughtInGame
LEC,RGE,2021-02-13,50.3,Top,Odoamne,58,0,0,6,6,15425,336,16,9,0,11711,10438,1272,13365,52677,37540,13906,23,11,5
LEC,RGE,2021-02-13,50.3,Jungle,Inspired,876,0,1,4,6,14393,73,198,144,9,7474,397,4425,24621,46494,30799,14712,8,11,7
LEC,RGE,2021-02-13,50.3,Mid,Larssen,268,0,7,2,5,22505,467,20,13,4,35429,312,33804,2438,22274,14085,7491,19,8,4
LEC,RGE,2021-02-13,50.3,Bot,Hans,67,0,7,5,4,22643,406,55,49,0,20749,14657,0,11978,27292,11807,14878,15,12,1
LEC,RGE,2021-02-13,50.3,Support,Trymbi,79,0,1,4,7,11062,58,0,0,0,8940,661,7049,16927,35816,16887,16895,94,27,28
LEC,G2,2021-02-13,50.3,Top,Wunder,133,1,6,4,9,23841,372,92,40,20,39992,35923,3841,4760,19045,10282,7706,26,10,7
LEC,G2,2021-02-13,50.3,Jungle,Jankos,76,1,6,1,6,19323,49,287,152,47,29583,755,26969,30929,33676,24624,8391,12,28,10
LEC,G2,2021-02-13,50.3,Mid,Caps,245,1,5,4,8,21308,380,52,32,16,27554,2479,24345,17342,46191,15959,24578,22,6,4
LEC,G2,2021-02-13,50.3,Bot,Rekkles,202,1,3,0,11,24712,522,39,20,18,30260,26306,3203,4377,10332,7635,2417,10,21,1
LEC,G2,2021-02-13,50.3,Support,Mikyx,526,1,1,7,12,11925,37,0,0,0,7360,219,5161,821,23063,10102,9321,96,12,28
