League,team,date,min,role,name,hero,win,kills,deaths,assists,goldEarned,totalMinionsKilled,neutralMinionsKilled,neutralMinionsKilledTeamJungle,neutralMinionsKilledEnemyJungle,totalDamageDealtToChampions,physicalDamageDealtToChampions,magicDamageDealtToChampions,totalHeal,totalDamageTaken,physicalDamageTaken,magicalDamageTaken,wardsPlaced,wardsKilled,visionWardsBoughtInGame
LCS,C9,2021-03-06,40.36666666666667,Top,Fudge,41,0,1,2,3,16181,348,20,8,0,15197,8517,3842,3326,19065,14577,4399,25,8,15
LCS,C9,2021-03-06,40.36666666666667,Jungle,Blaber,79,0,0,2,6,11342,29,206,160,4,9355,689,7942,22181,32503,25020,7183,11,15,8
LCS,C9,2021-03-06,40.36666666666667,Mid,Perkz,268,0,4,4,2,16137,350,44,32,12,15323,384,14939,4055,17775,11416,6190,14,22,3
LCS,C9,2021-03-06,40.36666666666667,Bot,Zven,51,0,2,2,5,16276,364,24,20,0,12225,10960,960,5424,14417,10173,3873,15,22,5
LCS,C9,2021-03-06,40.36666666666667,Support,Vulcan,412,0,0,3,6,8002,36,0,0,0,2339,443,1895,0,11129,6777,3513,67,12,22
LCS,TL,2021-03-06,40.36666666666667,Top,Alphari,150,1,5,2,3,18945,329,36,21,4,18538,16137,2400,8806,27711,14705,10715,21,4,8
LCS,TL,2021-03-06,40.36666666666667,Jungle,Santorin,72,1,1,2,7,12481,26,193,125,5,3198,1303,1430,11237,24347,16974,7096,11,18,10
LCS,TL,2021-03-06,40.36666666666667,Mid,Jensen,61,1,2,0,8,17580,406,16,16,0,13605,497,12883,1006,7306,3000,3829,10,11,4
LCS,TL,2021-03-06,40.36666666666667,Bot,Tactical,18,1,5,2,4,18698,371,47,37,4,16527,13639,2136,7504,15391,8884,5930,39,20,5
LCS,TL,2021-03-06,40.36666666666667,Support,CoreJJ,526,1,0,1,7,8809,36,0,0,0,1978,104,1549,2039,11690,5431,6011,63,17,17
