League,team,date,min,role,name,hero,win,kills,deaths,assists,goldEarned,totalMinionsKilled,neutralMinionsKilled,neutralMinionsKilledTeamJungle,neutralMinionsKilledEnemyJungle,totalDamageDealtToChampions,physicalDamageDealtToChampions,magicDamageDealtToChampions,totalHeal,totalDamageTaken,physicalDamageTaken,magicalDamageTaken,wardsPlaced,wardsKilled,visionWardsBoughtInGame
LEC,RGE,2021-02-26,35.666666666666664,Top,Odoamne,266,1,4,1,7,14959,264,16,3,8,22483,22393,0,16181,28842,19554,7006,15,7,3
LEC,RGE,2021-02-26,35.666666666666664,Jungle,Inspired,104,1,6,3,4,14271,62,217,154,12,16832,13837,2013,10251,21703,16566,4750,7,16,6
LEC,RGE,2021-02-26,35.666666666666664,Mid,Larssen,4,1,5,2,11,16558,263,26,22,0,23894,1977,21436,5097,19821,15648,4009,13,2,3
LEC,RGE,2021-02-26,35.666666666666664,Bot,Hans,51,1,4,1,6,15864,316,28,19,2,25049,23109,1775,3231,13238,10126,2893,13,24,3
LEC,RGE,2021-02-26,35.666666666666664,Support,Trymbi,99,1,1,4,10,8645,26,0,0,0,7368,1348,5442,3112,8786,6070,2540,53,20,20
LEC,S04,2021-02-26,35.666666666666664,Top,BrokenBlade,58,0,0,6,3,11065,257,16,13,0,10820,9327,1492,11013,36911,28361,7626,14,2,6
LEC,S04,2021-02-26,35.666666666666664,Jungle,Gilius,76,0,1,2,4,11939,29,207,153,11,8336,284,7599,21875,29902,22149,7646,11,13,11
LEC,S04,2021-02-26,35.666666666666664,Mid,Abbedagge,18,0,6,5,3,17027,328,21,12,0,18770,14544,3694,7179,19983,12292,7203,27,7,6
LEC,S04,2021-02-26,35.666666666666664,Bot,Neon,235,0,4,2,5,12161,51,8,2,2,16581,14379,0,8697,16249,12491,3499,46,11,12
LEC,S04,2021-02-26,35.666666666666664,Support,LIMIT,79,0,0,5,7,9779,204,0,0,0,5681,325,5355,9512,31229,22301,8410,14,4,3
