League,team,date,min,role,name,hero,win,kills,deaths,assists,goldEarned,totalMinionsKilled,neutralMinionsKilled,neutralMinionsKilledTeamJungle,neutralMinionsKilledEnemyJungle,totalDamageDealtToChampions,physicalDamageDealtToChampions,magicDamageDealtToChampions,totalHeal,totalDamageTaken,physicalDamageTaken,magicalDamageTaken,wardsPlaced,wardsKilled,visionWardsBoughtInGame
LEC,VIT,2021-03-06,44.916666666666664,Top,Szygenda,58,1,2,3,8,16809,327,12,0,4,17872,14894,2894,11251,39476,31737,7157,29,12,12
LEC,VIT,2021-03-06,44.916666666666664,Jungle,Skeanz,876,1,5,1,8,15445,40,226,124,36,21116,468,15492,16577,33104,23444,9410,14,12,14
LEC,VIT,2021-03-06,44.916666666666664,Mid,Milica,61,1,6,1,11,19347,325,45,32,8,22643,732,21641,1653,9202,5969,3125,24,16,10
LEC,VIT,2021-03-06,44.916666666666664,Bot,Crownshot,498,1,6,1,8,21344,396,67,45,3,28804,27171,1216,5503,19576,13222,5843,15,16,2
LEC,VIT,2021-03-06,44.916666666666664,Support,Labrov,12,1,0,4,13,9779,31,0,0,0,7833,524,5802,9142,26587,16271,8989,78,10,25
LEC,XL,2021-03-06,44.916666666666664,Top,Kryze,266,0,2,3,3,16462,325,27,18,0,19610,19221,387,19621,43218,22881,18442,20,10,6
LEC,XL,2021-03-06,44.916666666666664,Jungle,Dan,120,0,1,3,6,13224,61,219,154,17,7326,5565,940,28474,49347,35998,11516,17,21,15
LEC,XL,2021-03-06,44.916666666666664,Mid,Czekolad,134,0,4,5,4,16331,352,24,21,0,21248,671,20378,2204,16399,7365,7850,18,5,4
LEC,XL,2021-03-06,44.916666666666664,Bot,Patrik,202,0,3,2,5,17816,382,21,21,0,29095,26596,2219,6289,18628,10071,7538,22,11,9
LEC,XL,2021-03-06,44.916666666666664,Support,Tore,526,0,0,6,6,8835,53,0,0,0,6660,625,4568,1389,17926,10180,6157,70,23,24
