League,team,date,min,role,name,hero,win,kills,deaths,assists,goldEarned,totalMinionsKilled,neutralMinionsKilled,neutralMinionsKilledTeamJungle,neutralMinionsKilledEnemyJungle,totalDamageDealtToChampions,physicalDamageDealtToChampions,magicDamageDealtToChampions,totalHeal,totalDamageTaken,physicalDamageTaken,magicalDamageTaken,wardsPlaced,wardsKilled,visionWardsBoughtInGame
LEC,MSF,2021-02-20,39.333333333333336,Top,HiRit,79,0,6,3,5,15038,241,40,27,0,21528,932,20518,12393,27143,13352,11948,8,5,5
LEC,MSF,2021-02-20,39.333333333333336,Jungle,Razork,104,0,3,4,8,14732,53,218,143,15,14115,11427,1930,8805,20791,14770,5386,11,25,10
LEC,MSF,2021-02-20,39.333333333333336,Mid,Vetheo,134,0,3,4,2,14243,282,21,16,0,7967,788,7070,1666,13623,6834,5739,13,8,4
LEC,MSF,2021-02-20,39.333333333333336,Bot,Kobbe,18,0,4,3,6,18443,281,45,34,0,21634,18883,2750,8046,18436,13012,4983,11,10,1
LEC,MSF,2021-02-20,39.333333333333336,Support,Vander,526,0,1,6,10,9342,30,0,0,0,7283,438,5795,1752,16765,6352,9102,76,8,23
LEC,SK,2021-02-20,39.333333333333336,Top,Jenax,266,1,8,0,4,16627,310,23,11,1,16696,16655,0,16157,31960,21084,10155,14,4,1
LEC,SK,2021-02-20,39.333333333333336,Jungle,TynX,876,1,2,4,13,13555,31,221,170,8,17848,548,12973,17363,34129,23323,10781,6,7,6
LEC,SK,2021-02-20,39.333333333333336,Mid,Blue,268,1,5,2,6,17618,375,33,25,4,18862,720,17966,2123,15622,7564,7713,18,9,6
LEC,SK,2021-02-20,39.333333333333336,Bot,Jezu,429,1,5,5,10,15303,279,20,18,0,9898,9146,751,2989,15921,7294,8110,16,6,6
LEC,SK,2021-02-20,39.333333333333336,Support,Treatz,59,1,0,8,17,9294,22,0,0,0,7225,3935,2586,1745,16534,10117,6026,57,16,15
