League,team,date,min,role,name,hero,win,kills,deaths,assists,goldEarned,totalMinionsKilled,neutralMinionsKilled,neutralMinionsKilledTeamJungle,neutralMinionsKilledEnemyJungle,totalDamageDealtToChampions,physicalDamageDealtToChampions,magicDamageDealtToChampions,totalHeal,totalDamageTaken,physicalDamageTaken,magicalDamageTaken,wardsPlaced,wardsKilled,visionWardsBoughtInGame
LCK,AF,2021-01-29,40.45,Top,Kiin,150,1,1,3,6,16846,323,24,19,1,19636,14503,4679,10489,32494,19478,11928,16,15,10
LCK,AF,2021-01-29,40.45,Jungle,Dread,2,1,11,2,2,17849,68,165,96,17,21896,13981,747,30659,47315,28495,16333,18,22,16
LCK,AF,2021-01-29,40.45,Mid,Fly,112,1,4,2,9,17074,300,52,36,0,37883,339,37443,5574,15875,7408,7574,13,9,3
LCK,AF,2021-01-29,40.45,Bot,Bang,360,1,1,5,9,15557,285,53,39,8,10418,8593,1372,6704,21376,9935,10260,28,15,13
LCK,AF,2021-01-29,40.45,Support,Lehends,111,1,0,5,10,9723,60,4,4,0,6251,521,5082,5370,21507,9284,11057,81,18,27
LCK,NS,2021-01-29,40.45,Top,Rich,41,0,4,4,4,15901,274,27,10,2,34507,19299,10935,14792,33328,20203,10002,13,10,5
LCK,NS,2021-01-29,40.45,Jungle,Peanut,77,0,2,4,10,13456,66,163,120,9,11038,4043,5823,17683,40219,18644,17590,9,38,10
LCK,NS,2021-01-29,40.45,Mid,Bay,61,0,4,2,7,15188,297,32,28,0,26307,540,25362,3214,14022,6969,6945,20,10,8
LCK,NS,2021-01-29,40.45,Bot,deokdam,145,0,5,2,7,17749,340,56,53,0,20170,14670,5303,11348,19481,11681,7201,21,17,9
LCK,NS,2021-01-29,40.45,Support,Kellin,526,0,2,5,11,9022,33,0,0,0,6689,393,5529,2481,18820,6776,11036,101,11,31
