League,team,date,min,role,name,hero,win,kills,deaths,assists,goldEarned,totalMinionsKilled,neutralMinionsKilled,neutralMinionsKilledTeamJungle,neutralMinionsKilledEnemyJungle,totalDamageDealtToChampions,physicalDamageDealtToChampions,magicDamageDealtToChampions,totalHeal,totalDamageTaken,physicalDamageTaken,magicalDamageTaken,wardsPlaced,wardsKilled,visionWardsBoughtInGame
LCK,HLE,2021-02-27,29.216666666666665,Top,Morgan,54,1,1,2,7,9379,185,5,1,0,11020,2339,8681,251,11244,6464,4056,14,4,9
LCK,HLE,2021-02-27,29.216666666666665,Jungle,yoHan,77,1,1,3,8,10873,26,163,104,7,6795,2451,3789,14086,27752,21939,4897,9,11,9
LCK,HLE,2021-02-27,29.216666666666665,Mid,Chovy,58,1,2,0,9,13687,280,20,7,8,9748,8365,1356,6853,19510,11564,7704,10,16,6
LCK,HLE,2021-02-27,29.216666666666665,Bot,Deft,145,1,9,1,5,15398,262,20,16,0,18538,12986,5080,5111,11170,7574,3196,26,8,6
LCK,HLE,2021-02-27,29.216666666666665,Support,Vsta,555,1,4,3,8,9825,31,0,0,0,5578,4471,0,3488,11592,8424,2544,63,12,16
LCK,DRX,2021-02-27,29.216666666666665,Top,Kingen,126,0,4,2,2,12399,250,20,17,0,13395,9873,3292,5229,12991,6390,6600,14,5,5
LCK,DRX,2021-02-27,29.216666666666665,Jungle,Pyosik,72,0,0,4,5,8543,25,130,83,16,5281,2398,2062,7134,21291,14760,5767,10,15,9
LCK,DRX,2021-02-27,29.216666666666665,Mid,SOLKA,134,0,2,5,5,9519,214,9,9,0,15892,3169,12722,0,12344,8811,2995,12,2,3
LCK,DRX,2021-02-27,29.216666666666665,Bot,BAO,523,0,3,4,3,11721,234,26,26,0,17340,14947,539,3634,12504,9060,2842,10,12,1
LCK,DRX,2021-02-27,29.216666666666665,Support,Becca,412,0,0,2,6,6033,32,0,0,0,2525,375,2149,341,8156,5153,2748,46,9,15
