League,team,date,min,role,name,hero,win,kills,deaths,assists,goldEarned,totalMinionsKilled,neutralMinionsKilled,neutralMinionsKilledTeamJungle,neutralMinionsKilledEnemyJungle,totalDamageDealtToChampions,physicalDamageDealtToChampions,magicDamageDealtToChampions,totalHeal,totalDamageTaken,physicalDamageTaken,magicalDamageTaken,wardsPlaced,wardsKilled,visionWardsBoughtInGame
LCK,HLE,2021-01-16,33.06666666666667,Top,Morgan,150,1,1,2,9,11534,226,13,8,4,16084,12945,3139,5132,19582,10138,6402,12,18,6
LCK,HLE,2021-01-16,33.06666666666667,Jungle,Arthur,80,1,7,1,9,13241,47,157,92,8,13899,12331,1025,17215,30200,18436,10920,38,25,11
LCK,HLE,2021-01-16,33.06666666666667,Mid,Chovy,3,1,3,2,14,13204,259,8,8,0,17792,0,17742,1584,15419,10310,4354,19,14,6
LCK,HLE,2021-01-16,33.06666666666667,Bot,Deft,360,1,11,2,4,15857,258,17,13,4,14794,12085,2029,6313,18507,12253,4718,12,9,3
LCK,HLE,2021-01-16,33.06666666666667,Support,Vsta,12,1,1,3,17,8284,43,0,0,0,4460,251,3478,8378,18230,10303,7007,54,20,23
LCK,DRX,2021-01-16,33.06666666666667,Top,Kingen,41,0,2,4,4,13409,214,6,0,1,25456,16819,5904,5244,22032,14876,6731,18,0,8
LCK,DRX,2021-01-16,33.06666666666667,Jungle,Pyosik,76,0,1,5,2,10655,45,185,141,15,9123,871,7570,17203,28969,20706,7823,37,31,7
LCK,DRX,2021-01-16,33.06666666666667,Mid,SOLKA,61,0,3,4,2,11803,258,16,16,0,15440,1554,13886,1126,13129,5535,7216,24,12,12
LCK,DRX,2021-01-16,33.06666666666667,Bot,BAO,145,0,2,3,3,11980,241,16,13,0,13237,9366,2610,3948,13989,9952,3690,14,6,4
LCK,DRX,2021-01-16,33.06666666666667,Support,Becca,875,0,2,7,3,7339,48,0,0,0,5410,3889,102,1393,17042,10786,5842,58,16,19
