League,team,date,min,role,name,hero,win,kills,deaths,assists,goldEarned,totalMinionsKilled,neutralMinionsKilled,neutralMinionsKilledTeamJungle,neutralMinionsKilledEnemyJungle,totalDamageDealtToChampions,physicalDamageDealtToChampions,magicDamageDealtToChampions,totalHeal,totalDamageTaken,physicalDamageTaken,magicalDamageTaken,wardsPlaced,wardsKilled,visionWardsBoughtInGame
LCK,GEN,2021-01-15,27.733333333333334,Top,Rascal,164,1,6,2,7,12612,233,28,11,8,11597,8704,197,6455,16800,12271,3742,10,10,5
LCK,GEN,2021-01-15,27.733333333333334,Jungle,Clid,163,1,2,1,9,10732,26,169,96,15,8608,489,7514,11735,19118,13866,4227,29,12,11
LCK,GEN,2021-01-15,27.733333333333334,Mid,Bdd,61,1,6,0,11,14340,269,20,20,0,16291,875,15415,1378,7651,5164,1856,10,3,3
LCK,GEN,2021-01-15,27.733333333333334,Bot,Ruler,202,1,7,1,9,14821,266,16,7,5,15268,12978,1880,3481,9051,4912,3452,12,10,4
LCK,GEN,2021-01-15,27.733333333333334,Support,Life,111,1,0,2,13,6716,32,1,0,0,3130,765,1963,1299,8481,4387,3877,39,10,11
LCK,BRO,2021-01-15,27.733333333333334,Top,Hoya,150,0,2,5,0,9878,213,6,3,0,10260,9428,832,3293,17126,8744,6816,14,3,8
LCK,BRO,2021-01-15,27.733333333333334,Jungle,UmTi,76,0,1,3,2,8164,28,133,104,5,6350,655,5234,16449,26846,21801,4710,24,10,10
LCK,BRO,2021-01-15,27.733333333333334,Mid,Lava,142,0,0,4,2,9134,209,8,8,0,6579,479,4880,1589,11470,4998,5933,13,3,4
LCK,BRO,2021-01-15,27.733333333333334,Bot,Hena,523,0,3,4,2,11472,259,16,16,0,12408,10872,478,1754,10126,4371,5102,10,6,4
LCK,BRO,2021-01-15,27.733333333333334,Support,Delight,526,0,0,5,5,6012,34,0,0,0,3800,372,2821,1311,12990,5879,6093,45,12,16
