League,team,date,min,role,name,hero,win,kills,deaths,assists,goldEarned,totalMinionsKilled,neutralMinionsKilled,neutralMinionsKilledTeamJungle,neutralMinionsKilledEnemyJungle,totalDamageDealtToChampions,physicalDamageDealtToChampions,magicDamageDealtToChampions,totalHeal,totalDamageTaken,physicalDamageTaken,magicalDamageTaken,wardsPlaced,wardsKilled,visionWardsBoughtInGame
LCK,AF,2021-01-23,36.93333333333333,Top,Kiin,41,0,0,3,6,13844,296,11,4,0,20022,14059,4019,3661,15088,10790,3366,22,2,9
LCK,AF,2021-01-23,36.93333333333333,Jungle,Dread,876,0,5,3,1,12091,36,180,132,0,13601,365,10073,11767,25966,17455,7413,16,13,13
LCK,AF,2021-01-23,36.93333333333333,Mid,Fly,61,0,1,3,6,12899,304,16,16,0,7199,165,7033,1173,12461,5444,6738,14,11,7
LCK,AF,2021-01-23,36.93333333333333,Bot,Bang,145,0,2,1,3,14937,340,34,30,0,7790,4178,3521,5786,13843,7214,6417,36,14,6
LCK,AF,2021-01-23,36.93333333333333,Support,Lehends,111,0,0,3,8,7342,45,0,0,0,2866,319,1968,2573,14763,7989,5950,64,15,23
LCK,DK,2021-01-23,36.93333333333333,Top,Khan,516,1,0,0,8,13463,275,4,0,1,8517,3463,4843,4180,22125,10617,7141,17,10,10
LCK,DK,2021-01-23,36.93333333333333,Jungle,Canyon,104,1,6,4,1,14804,37,225,151,16,8140,6056,1438,9278,21733,11571,8525,13,21,12
LCK,DK,2021-01-23,36.93333333333333,Mid,ShowMaker,134,1,5,0,3,18252,372,46,29,8,17126,591,16203,1324,8584,4533,3871,18,15,8
LCK,DK,2021-01-23,36.93333333333333,Bot,Ghost,523,1,2,1,3,16794,328,34,23,6,14972,11909,904,7816,15585,9634,4288,19,12,9
LCK,DK,2021-01-23,36.93333333333333,Support,BeryL,412,1,0,3,6,8824,57,0,0,0,2033,328,1704,2227,13416,6109,5378,67,32,19
