League,team,date,min,role,name,hero,win,kills,deaths,assists,goldEarned,totalMinionsKilled,neutralMinionsKilled,neutralMinionsKilledTeamJungle,neutralMinionsKilledEnemyJungle,totalDamageDealtToChampions,physicalDamageDealtToChampions,magicDamageDealtToChampions,totalHeal,totalDamageTaken,physicalDamageTaken,magicalDamageTaken,wardsPlaced,wardsKilled,visionWardsBoughtInGame
LEC,MAD,2021-02-26,38.916666666666664,Top,Armut,150,0,0,2,4,14256,301,33,28,1,10646,8951,1695,9348,29650,14109,15378,20,13,7
LEC,MAD,2021-02-26,38.916666666666664,Jungle,Elyoya,876,0,3,5,6,12520,23,207,119,38,14517,368,9912,13880,35773,21417,13628,16,7,14
LEC,MAD,2021-02-26,38.916666666666664,Mid,Humanoid,236,0,3,5,5,17064,339,69,37,13,23920,19715,2081,2528,23358,13700,9386,18,9,6
LEC,MAD,2021-02-26,38.916666666666664,Bot,Carzzy,145,0,2,6,4,15179,331,35,23,0,22738,15384,4357,7764,20595,14266,6003,15,7,6
LEC,MAD,2021-02-26,38.916666666666664,Support,Kaiser,111,0,1,8,6,8251,31,0,0,0,6051,844,4186,273,17079,9545,7208,69,9,20
LEC,SK,2021-02-26,38.916666666666664,Top,Jenax,266,1,9,2,9,16395,235,13,12,0,17418,17418,0,15232,29246,19934,6296,17,10,4
LEC,SK,2021-02-26,38.916666666666664,Jungle,TynX,120,1,4,0,13,14343,49,171,123,1,12112,8107,3683,27164,42975,31464,9329,12,15,12
LEC,SK,2021-02-26,38.916666666666664,Mid,Blue,112,1,4,2,12,17196,340,33,20,8,32127,423,31453,1285,12300,8434,2850,16,8,2
LEC,SK,2021-02-26,38.916666666666664,Bot,Jezu,429,1,7,2,6,16639,276,16,12,0,13358,11128,2040,2013,10678,7385,2526,13,5,5
LEC,SK,2021-02-26,38.916666666666664,Support,Treatz,12,1,2,3,22,10733,31,2,2,0,11170,1103,9016,15387,24216,14800,6020,63,4,16
