League,team,date,min,role,name,hero,win,kills,deaths,assists,goldEarned,totalMinionsKilled,neutralMinionsKilled,neutralMinionsKilledTeamJungle,neutralMinionsKilledEnemyJungle,totalDamageDealtToChampions,physicalDamageDealtToChampions,magicDamageDealtToChampions,totalHeal,totalDamageTaken,physicalDamageTaken,magicalDamageTaken,wardsPlaced,wardsKilled,visionWardsBoughtInGame
LEC,XL,2021-01-24,37.0,Top,Kryze,164,0,3,2,3,16097,313,24,11,5,20301,13770,1582,14191,28735,17793,10602,13,3,2
LEC,XL,2021-01-24,37.0,Jungle,Dan,77,0,1,8,4,10408,19,165,125,0,4309,1288,2141,9801,33226,23619,9244,12,10,11
LEC,XL,2021-01-24,37.0,Mid,Czekolad,134,0,3,8,2,11834,222,22,16,0,20990,1174,19816,1008,19096,11110,7498,17,6,8
LEC,XL,2021-01-24,37.0,Bot,Patrik,145,0,2,4,2,14927,319,32,29,0,14382,9645,4508,7446,16333,11869,4368,34,17,6
LEC,XL,2021-01-24,37.0,Support,Tore,111,0,1,6,3,7448,39,0,0,0,4685,820,3273,1288,15062,9366,5292,55,9,20
LEC,G2,2021-01-24,37.0,Top,Wunder,39,1,3,3,14,15912,312,23,15,0,17986,10778,7207,5950,21559,12156,7206,16,5,4
LEC,G2,2021-01-24,37.0,Jungle,Jankos,104,1,7,1,11,15344,76,204,130,15,20026,15184,3553,9785,19473,10969,7121,14,26,13
LEC,G2,2021-01-24,37.0,Mid,Caps,84,1,4,3,6,13081,230,28,21,4,14315,1966,12349,12096,28791,18968,7683,12,7,7
LEC,G2,2021-01-24,37.0,Bot,Rekkles,202,1,13,1,7,19329,348,32,17,8,21803,17436,3963,3718,7886,5709,2014,15,15,8
LEC,G2,2021-01-24,37.0,Support,Mikyx,201,1,1,2,25,10284,45,0,0,0,9354,1356,7997,4233,20528,10364,9396,77,19,24
