League,team,date,min,role,name,hero,win,kills,deaths,assists,goldEarned,totalMinionsKilled,neutralMinionsKilled,neutralMinionsKilledTeamJungle,neutralMinionsKilledEnemyJungle,totalDamageDealtToChampions,physicalDamageDealtToChampions,magicDamageDealtToChampions,totalHeal,totalDamageTaken,physicalDamageTaken,magicalDamageTaken,wardsPlaced,wardsKilled,visionWardsBoughtInGame
LCS,C9,2021-02-27,31.366666666666667,Top,Fudge,54,1,3,0,10,11514,207,0,0,0,8511,2700,5810,1888,11846,7550,4147,18,6,8
LCS,C9,2021-02-27,31.366666666666667,Jungle,Blaber,79,1,6,2,7,11927,40,167,133,4,17467,828,15943,18845,28201,20372,7384,9,6,8
LCS,C9,2021-02-27,31.366666666666667,Mid,Perkz,157,1,3,2,12,13583,271,34,23,0,15897,14043,1020,4779,13874,7188,6595,14,8,6
LCS,C9,2021-02-27,31.366666666666667,Bot,Zven,145,1,7,2,7,14516,283,10,6,4,17606,11250,5711,6118,15832,12293,3466,11,3,2
LCS,C9,2021-02-27,31.366666666666667,Support,Vulcan,526,1,0,3,16,7500,31,0,0,0,6372,582,5393,2430,12523,7167,5079,56,10,16
LCS,EG,2021-02-27,31.366666666666667,Top,Impact,14,0,1,3,5,9886,211,4,0,0,14408,7387,7020,952,28391,14925,12516,17,6,7
LCS,EG,2021-02-27,31.366666666666667,Jungle,Svenskeren,104,0,2,6,3,9658,40,154,111,3,10517,8965,592,5817,20610,11102,8972,5,15,4
LCS,EG,2021-02-27,31.366666666666667,Mid,Jiizuke,61,0,3,4,1,13348,273,48,40,1,10013,869,9143,79,13441,7787,5491,12,7,3
LCS,EG,2021-02-27,31.366666666666667,Bot,Deftly,202,0,3,2,3,12039,258,16,8,0,12759,10602,2085,1241,7484,4702,2717,10,6,4
LCS,EG,2021-02-27,31.366666666666667,Support,IgNar,12,0,0,4,5,6177,30,0,0,0,3599,170,3429,3312,14397,7965,5571,50,8,15
