League,team,date,min,role,name,hero,win,kills,deaths,assists,goldEarned,totalMinionsKilled,neutralMinionsKilled,neutralMinionsKilledTeamJungle,neutralMinionsKilledEnemyJungle,totalDamageDealtToChampions,physicalDamageDealtToChampions,magicDamageDealtToChampions,totalHeal,totalDamageTaken,physicalDamageTaken,magicalDamageTaken,wardsPlaced,wardsKilled,visionWardsBoughtInGame
LCS,TL,2021-02-20,33.43333333333333,Top,Alphari,164,0,5,3,5,13790,232,8,1,4,14288,8343,1013,4314,16835,13111,2628,15,5,5
LCS,TL,2021-02-20,33.43333333333333,Jungle,Santorin,76,0,0,5,5,9919,30,164,124,8,8620,552,7820,17705,30392,24042,5350,12,14,13
LCS,TL,2021-02-20,33.43333333333333,Mid,Jensen,3,0,3,3,2,12656,271,20,16,0,12116,99,11892,261,15517,11953,1908,9,3,4
LCS,TL,2021-02-20,33.43333333333333,Bot,Tactical,360,0,1,4,1,11608,282,12,4,4,9096,8123,941,3641,19571,12662,5781,13,12,6
LCS,TL,2021-02-20,33.43333333333333,Support,CoreJJ,89,0,2,3,3,7312,40,0,0,0,3312,885,1942,1185,10338,5403,3605,43,18,10
LCS,EG,2021-02-20,33.43333333333333,Top,Impact,150,1,6,6,10,12445,187,20,7,2,12969,11821,1147,5595,20573,9822,8157,20,8,9
LCS,EG,2021-02-20,33.43333333333333,Jungle,Svenskeren,876,1,3,2,10,12094,45,189,136,8,10290,759,6654,13363,27447,17439,8736,32,17,7
LCS,EG,2021-02-20,33.43333333333333,Mid,Jiizuke,777,1,5,1,11,15163,274,39,13,18,18650,12747,3610,5143,11022,4909,5148,18,5,8
LCS,EG,2021-02-20,33.43333333333333,Bot,Deftly,145,1,4,2,7,13142,276,20,12,4,12104,8497,2567,3994,10008,7375,1734,21,6,7
LCS,EG,2021-02-20,33.43333333333333,Support,IgNar,12,1,0,0,16,7688,34,0,0,0,2845,351,2494,8694,9371,4592,3685,58,12,16
