League,team,date,min,role,name,hero,win,kills,deaths,assists,goldEarned,totalMinionsKilled,neutralMinionsKilled,neutralMinionsKilledTeamJungle,neutralMinionsKilledEnemyJungle,totalDamageDealtToChampions,physicalDamageDealtToChampions,magicDamageDealtToChampions,totalHeal,totalDamageTaken,physicalDamageTaken,magicalDamageTaken,wardsPlaced,wardsKilled,visionWardsBoughtInGame
LCK,LSB,2021-03-05,31.266666666666666,Top,Summit,39,1,3,3,7,13391,289,20,1,12,18731,13256,5475,5407,22495,12215,9795,19,5,9
LCK,LSB,2021-03-05,31.266666666666666,Jungle,Croco,77,1,2,1,11,10514,34,133,80,19,8168,3310,3946,10431,19943,11638,8145,12,25,10
LCK,LSB,2021-03-05,31.266666666666666,Mid,FATE,61,1,4,1,9,13516,269,32,20,4,11945,715,11204,1080,7547,3312,4065,11,10,4
LCK,LSB,2021-03-05,31.266666666666666,Bot,Prince,81,1,5,1,1,14222,292,13,11,0,17572,11280,6208,1857,9872,6822,2701,18,14,7
LCK,LSB,2021-03-05,31.266666666666666,Support,Effort,526,1,1,2,8,7142,39,0,0,0,3356,299,3056,1175,9259,4465,3989,43,12,15
LCK,GEN,2021-03-05,31.266666666666666,Top,Rascal,14,0,2,5,2,10666,238,4,4,0,10074,5140,4933,1168,29304,16137,12707,10,4,5
LCK,GEN,2021-03-05,31.266666666666666,Jungle,Clid,76,0,1,3,6,10181,29,175,117,9,10500,1018,9183,18092,27373,21721,5492,34,20,7
LCK,GEN,2021-03-05,31.266666666666666,Mid,Bdd,134,0,2,2,2,12600,311,12,8,4,11729,1076,10653,1305,9431,4846,4377,14,7,3
LCK,GEN,2021-03-05,31.266666666666666,Bot,Ruler,67,0,3,2,1,14622,309,7,7,0,5917,4675,0,3943,12637,6632,5896,10,12,5
LCK,GEN,2021-03-05,31.266666666666666,Support,Life,12,0,0,3,4,6336,29,0,0,0,2423,242,1757,3758,11221,5872,5264,68,6,24
