League,team,date,min,role,name,hero,win,kills,deaths,assists,goldEarned,totalMinionsKilled,neutralMinionsKilled,neutralMinionsKilledTeamJungle,neutralMinionsKilledEnemyJungle,totalDamageDealtToChampions,physicalDamageDealtToChampions,magicDamageDealtToChampions,totalHeal,totalDamageTaken,physicalDamageTaken,magicalDamageTaken,wardsPlaced,wardsKilled,visionWardsBoughtInGame
LEC,S04,2021-03-06,36.916666666666664,Top,BrokenBlade,114,1,4,3,8,15941,281,24,5,16,18954,10704,923,13664,25348,14115,10475,21,9,9
LEC,S04,2021-03-06,36.916666666666664,Jungle,Gilius,120,1,3,3,12,12433,31,174,93,24,11502,6359,4269,19639,36185,24629,8713,11,14,11
LEC,S04,2021-03-06,36.916666666666664,Mid,Abbedagge,268,1,7,2,4,16005,287,44,40,0,35484,417,35067,1429,12611,5576,5945,23,13,12
LEC,S04,2021-03-06,36.916666666666664,Bot,Neon,498,1,4,4,7,15102,293,25,19,4,29052,27772,0,2721,16633,9894,5628,12,12,4
LEC,S04,2021-03-06,36.916666666666664,Support,LIMIT,526,1,0,3,14,8473,31,4,0,0,6933,398,5783,3533,16669,9005,5825,61,9,19
LEC,AST,2021-03-06,36.916666666666664,Top,WhiteKnight,14,0,3,5,8,12213,218,8,0,0,19696,11297,8399,4688,40295,20647,14903,18,3,7
LEC,AST,2021-03-06,36.916666666666664,Jungle,Zanzarah,2,0,2,5,5,10072,23,158,117,8,12731,8016,68,18766,39436,22435,15540,14,9,12
LEC,AST,2021-03-06,36.916666666666664,Mid,MagiFelix,61,0,3,4,8,14665,305,43,37,4,16119,479,15540,2746,17409,8927,6190,12,3,3
LEC,AST,2021-03-06,36.916666666666664,Bot,Jeskla,145,0,6,2,1,16156,350,8,8,0,17561,11037,5763,6486,15875,11238,4040,19,13,7
LEC,AST,2021-03-06,36.916666666666664,Support,promisq,12,0,1,2,8,7680,39,0,0,0,5259,253,3874,8267,20912,10577,9196,65,20,21
