League,team,date,min,role,name,hero,win,kills,deaths,assists,goldEarned,totalMinionsKilled,neutralMinionsKilled,neutralMinionsKilledTeamJungle,neutralMinionsKilledEnemyJungle,totalDamageDealtToChampions,physicalDamageDealtToChampions,magicDamageDealtToChampions,totalHeal,totalDamageTaken,physicalDamageTaken,magicalDamageTaken,wardsPlaced,wardsKilled,visionWardsBoughtInGame
LCK,DRX,2021-01-14,39.05,Top,Kingen,79,1,1,0,7,13078,268,6,1,4,18661,1867,16793,23922,36210,25797,8898,12,2,2
LCK,DRX,2021-01-14,39.05,Jungle,Pyosik,203,1,3,2,6,14932,80,226,155,19,19125,11702,5177,18526,29128,20092,7997,9,27,7
LCK,DRX,2021-01-14,39.05,Mid,SOLKA,61,1,3,0,8,16436,334,28,20,8,20967,646,20215,2032,9789,4433,4964,25,16,15
LCK,DRX,2021-01-14,39.05,Bot,BAO,145,1,4,0,2,17058,346,31,19,4,19087,8041,10583,8808,16393,13322,2963,17,10,3
LCK,DRX,2021-01-14,39.05,Support,Becca,875,1,0,2,6,8196,42,0,0,0,2969,1442,109,1646,15614,8755,6295,73,13,20
LCK,AF,2021-01-14,39.05,Top,Kiin,266,0,1,3,1,13295,294,26,26,0,20955,20931,0,18979,47099,21768,22472,20,5,14
LCK,AF,2021-01-14,39.05,Jungle,Dread,104,0,0,3,3,12615,98,177,112,15,5482,4320,458,6059,22472,10432,11471,14,21,13
LCK,AF,2021-01-14,39.05,Mid,Fly,142,0,2,3,2,12238,262,9,9,0,20507,1379,17093,3521,15536,6694,8193,23,11,13
LCK,AF,2021-01-14,39.05,Bot,Bang,202,0,1,0,2,14791,350,16,12,0,12498,10646,1528,3721,13170,6501,6541,23,6,11
LCK,AF,2021-01-14,39.05,Support,Lehends,147,0,0,2,2,8533,47,0,0,0,10407,1223,8653,9382,9317,3208,6081,56,26,17
