League,team,date,min,role,name,hero,win,kills,deaths,assists,goldEarned,totalMinionsKilled,neutralMinionsKilled,neutralMinionsKilledTeamJungle,neutralMinionsKilledEnemyJungle,totalDamageDealtToChampions,physicalDamageDealtToChampions,magicDamageDealtToChampions,totalHeal,totalDamageTaken,physicalDamageTaken,magicalDamageTaken,wardsPlaced,wardsKilled,visionWardsBoughtInGame
LCS,EG,2021-02-22,42.88333333333333,Top,Impact,150,1,2,3,5,16285,317,27,5,9,20903,15462,5440,7967,22500,14265,7850,21,8,6
LCS,EG,2021-02-22,42.88333333333333,Jungle,Svenskeren,876,1,3,1,6,15347,64,225,135,25,18849,85,15158,18963,35103,23967,10828,36,18,10
LCS,EG,2021-02-22,42.88333333333333,Mid,Jiizuke,268,1,2,1,7,18620,353,56,28,21,37459,982,35050,5380,19881,9750,10105,11,9,4
LCS,EG,2021-02-22,42.88333333333333,Bot,Deftly,145,1,6,1,3,19894,364,50,29,10,23659,13169,8236,7106,13122,8567,4529,25,11,7
LCS,EG,2021-02-22,42.88333333333333,Support,IgNar,3,1,0,2,11,10398,70,0,0,0,5447,0,5447,1933,15309,13890,828,63,23,19
LCS,CLG,2021-02-22,42.88333333333333,Top,Finn,516,0,1,3,4,13386,266,1,0,1,11458,4187,7081,1285,43827,23047,17759,17,9,6
LCS,CLG,2021-02-22,42.88333333333333,Jungle,Broxah,104,0,2,1,2,13427,81,182,128,8,9643,8390,764,5830,19956,9821,9495,10,25,12
LCS,CLG,2021-02-22,42.88333333333333,Mid,rjs,42,0,1,2,1,16147,364,15,14,0,20668,2162,18455,2465,28000,10850,16291,18,7,3
LCS,CLG,2021-02-22,42.88333333333333,Bot,WildTurtle,360,0,4,4,1,16707,376,20,16,0,12452,11807,292,5845,28376,12679,14456,12,10,3
LCS,CLG,2021-02-22,42.88333333333333,Support,Smoothie,12,0,0,3,6,8657,35,0,0,0,3096,131,2712,8139,17556,3219,12810,78,14,25
