League,team,date,min,role,name,hero,win,kills,deaths,assists,goldEarned,totalMinionsKilled,neutralMinionsKilled,neutralMinionsKilledTeamJungle,neutralMinionsKilledEnemyJungle,totalDamageDealtToChampions,physicalDamageDealtToChampions,magicDamageDealtToChampions,totalHeal,totalDamageTaken,physicalDamageTaken,magicalDamageTaken,wardsPlaced,wardsKilled,visionWardsBoughtInGame
LCK,DK,2021-01-29,34.733333333333334,Top,Khan,133,1,1,6,4,14316,291,17,7,1,27168,25129,2039,3404,19487,11849,7196,22,2,9
LCK,DK,2021-01-29,34.733333333333334,Jungle,Canyon,76,1,3,0,1,13107,33,227,137,24,15166,855,13894,29718,35620,29051,6145,15,22,13
LCK,DK,2021-01-29,34.733333333333334,Mid,ShowMaker,134,1,2,0,3,14384,284,39,23,8,22099,843,21092,1497,7876,4786,2982,18,2,6
LCK,DK,2021-01-29,34.733333333333334,Bot,Ghost,145,1,2,0,1,14732,279,36,19,8,12723,5596,7037,5202,12253,9304,2846,39,14,11
LCK,DK,2021-01-29,34.733333333333334,Support,BeryL,12,1,0,6,1,7579,31,1,0,0,4105,202,3182,4996,22404,12662,7660,52,6,16
LCK,HLE,2021-01-29,34.733333333333334,Top,DuDu,58,0,6,3,0,12952,285,4,4,0,10481,9805,675,10207,34018,21490,12210,9,14,1
LCK,HLE,2021-01-29,34.733333333333334,Jungle,Arthur,77,0,2,1,6,10875,57,168,118,8,5144,2076,2414,18232,35537,20372,14865,17,28,18
LCK,HLE,2021-01-29,34.733333333333334,Mid,Chovy,4,0,1,2,9,15002,312,12,12,0,15017,1744,13081,5516,20196,11237,8637,16,12,4
LCK,HLE,2021-01-29,34.733333333333334,Bot,Deft,235,0,3,0,6,13784,272,24,20,0,19692,17190,611,11316,10528,7013,3514,15,21,5
LCK,HLE,2021-01-29,34.733333333333334,Support,Vsta,79,0,0,2,5,6886,15,0,0,0,5416,65,4928,8072,16498,5047,11000,53,12,18
