League,team,date,min,role,name,hero,win,kills,deaths,assists,goldEarned,totalMinionsKilled,neutralMinionsKilled,neutralMinionsKilledTeamJungle,neutralMinionsKilledEnemyJungle,totalDamageDealtToChampions,physicalDamageDealtToChampions,magicDamageDealtToChampions,totalHeal,totalDamageTaken,physicalDamageTaken,magicalDamageTaken,wardsPlaced,wardsKilled,visionWardsBoughtInGame
LCK,KT,2021-03-04,27.766666666666666,Top,Doran,150,0,2,2,0,9497,226,4,0,0,5433,4696,737,4065,18029,13821,3844,14,3,6
LCK,KT,2021-03-04,27.766666666666666,Jungle,GIDEON,76,0,0,1,1,8267,16,170,138,0,3686,280,3329,14404,22735,17899,4836,22,9,9
LCK,KT,2021-03-04,27.766666666666666,Mid,Ucal,112,0,0,1,1,10271,284,16,16,0,7886,0,7886,91,4533,1883,2250,14,6,6
LCK,KT,2021-03-04,27.766666666666666,Bot,HyBriD,145,0,0,0,0,9672,265,8,8,0,3648,2969,678,2677,6495,5314,1180,16,7,2
LCK,KT,2021-03-04,27.766666666666666,Support,Zzus,497,0,0,2,1,5390,16,0,0,0,3044,548,2137,1347,5840,4242,1299,41,15,14
LCK,DRX,2021-03-04,27.766666666666666,Top,Kingen,126,1,4,2,2,12888,251,4,3,0,14973,13392,1580,3695,12643,9989,2470,16,7,8
LCK,DRX,2021-03-04,27.766666666666666,Jungle,Pyosik,77,1,2,0,4,11627,32,215,149,8,2742,944,1338,13814,23220,18489,4731,7,20,6
LCK,DRX,2021-03-04,27.766666666666666,Mid,SOLKA,142,1,0,0,5,10998,272,10,9,0,7137,486,6141,2094,6931,1953,4977,15,5,6
LCK,DRX,2021-03-04,27.766666666666666,Bot,BAO,498,1,0,0,4,11528,275,16,8,4,3947,3947,0,1427,5080,3432,1458,14,8,3
LCK,DRX,2021-03-04,27.766666666666666,Support,Becca,12,1,0,0,5,6217,36,0,0,0,1183,116,975,3641,6980,2730,4189,51,14,14
