League,team,date,min,role,name,hero,win,kills,deaths,assists,goldEarned,totalMinionsKilled,neutralMinionsKilled,neutralMinionsKilledTeamJungle,neutralMinionsKilledEnemyJungle,totalDamageDealtToChampions,physicalDamageDealtToChampions,magicDamageDealtToChampions,totalHeal,totalDamageTaken,physicalDamageTaken,magicalDamageTaken,wardsPlaced,wardsKilled,visionWardsBoughtInGame
LCK,KT,2021-02-17,51.18333333333333,Top,Doran,150,1,4,6,8,19754,336,34,18,9,23753,17802,5116,14348,58143,34483,19620,33,35,13
LCK,KT,2021-02-17,51.18333333333333,Jungle,Blank,876,1,8,4,12,18267,71,217,149,4,19837,527,15089,22144,45762,26889,17781,69,29,24
LCK,KT,2021-02-17,51.18333333333333,Mid,Ucal,112,1,7,4,7,20874,409,44,24,9,31962,376,30787,2895,17915,10020,6971,28,23,10
LCK,KT,2021-02-17,51.18333333333333,Bot,HyBriD,523,1,10,1,7,26388,437,46,24,12,22753,19332,2809,5707,13119,4634,7786,14,38,5
LCK,KT,2021-02-17,51.18333333333333,Support,Zzus,412,1,3,3,24,13236,40,0,0,0,3362,492,2303,5377,25567,10651,12576,106,20,33
LCK,DK,2021-02-17,51.18333333333333,Top,Khan,41,0,3,4,8,23816,444,20,13,0,30421,19450,7680,9342,32008,19569,11693,30,5,13
LCK,DK,2021-02-17,51.18333333333333,Jungle,Canyon,141,0,7,9,6,19142,99,261,164,27,32986,25988,5177,30575,52681,32622,17939,64,53,13
LCK,DK,2021-02-17,51.18333333333333,Mid,ShowMaker,134,0,6,6,7,19823,393,31,22,0,33549,517,31207,2326,19660,6019,12038,27,10,10
LCK,DK,2021-02-17,51.18333333333333,Bot,Ghost,145,0,2,4,8,22420,452,78,61,9,19062,9578,8749,10469,24649,13845,9007,24,30,7
LCK,DK,2021-02-17,51.18333333333333,Support,BeryL,59,0,0,9,11,10839,48,1,0,0,7357,1919,4528,2569,22524,10684,11071,104,28,36
