League,team,date,min,role,name,hero,win,kills,deaths,assists,goldEarned,totalMinionsKilled,neutralMinionsKilled,neutralMinionsKilledTeamJungle,neutralMinionsKilledEnemyJungle,totalDamageDealtToChampions,physicalDamageDealtToChampions,magicDamageDealtToChampions,totalHeal,totalDamageTaken,physicalDamageTaken,magicalDamageTaken,wardsPlaced,wardsKilled,visionWardsBoughtInGame
LCK,DK,2021-01-27,52.666666666666664,Top,Khan,150,0,2,4,5,20841,366,32,14,9,18403,14422,3981,7280,33744,20293,11931,16,13,10
LCK,DK,2021-01-27,52.666666666666664,Jungle,Canyon,76,0,2,2,1,16689,57,264,181,19,11575,682,10251,34322,46476,34036,11249,16,52,15
LCK,DK,2021-01-27,52.666666666666664,Mid,ShowMaker,61,0,0,3,5,18515,412,56,40,11,8615,355,8260,380,12664,7148,5258,29,22,9
LCK,DK,2021-01-27,52.666666666666664,Bot,Ghost,145,0,6,2,3,23214,441,68,38,13,16233,9692,6169,6578,16499,11009,4913,60,27,6
LCK,DK,2021-01-27,52.666666666666664,Support,BeryL,12,0,1,3,5,11488,56,0,0,0,3567,398,2584,8113,23701,9305,11702,120,31,37
LCK,GEN,2021-01-27,52.666666666666664,Top,Rascal,133,1,5,5,2,22153,424,60,36,8,28922,25359,2893,7461,23421,14669,8459,11,17,5
LCK,GEN,2021-01-27,52.666666666666664,Jungle,Flawless,876,1,2,1,5,15055,48,202,147,0,9822,555,6345,20917,35065,26529,8103,25,28,24
LCK,GEN,2021-01-27,52.666666666666664,Mid,Bdd,134,1,6,1,2,22388,468,24,20,0,27676,718,26392,1281,9500,6698,2450,12,12,4
LCK,GEN,2021-01-27,52.666666666666664,Bot,Ruler,498,1,1,2,6,23744,573,49,41,4,15089,13718,75,2881,17173,7370,9630,22,47,8
LCK,GEN,2021-01-27,52.666666666666664,Support,Life,497,1,0,2,5,10588,43,0,0,0,3685,556,2342,3967,10329,3392,6591,177,35,40
