League,team,date,min,role,name,hero,win,kills,deaths,assists,goldEarned,totalMinionsKilled,neutralMinionsKilled,neutralMinionsKilledTeamJungle,neutralMinionsKilledEnemyJungle,totalDamageDealtToChampions,physicalDamageDealtToChampions,magicDamageDealtToChampions,totalHeal,totalDamageTaken,physicalDamageTaken,magicalDamageTaken,wardsPlaced,wardsKilled,visionWardsBoughtInGame
LEC,AST,2021-01-30,40.833333333333336,Top,WhiteKnight,79,0,0,3,2,11193,222,8,5,0,8784,888,7895,8522,21520,13606,6245,8,14,2
LEC,AST,2021-01-30,40.833333333333336,Jungle,Zanzarah,77,0,0,1,0,12680,52,215,138,33,5917,1609,3197,17238,36008,23684,10429,14,16,15
LEC,AST,2021-01-30,40.833333333333336,Mid,nukeduck,236,0,2,3,0,14964,321,28,16,1,14192,12173,1083,2384,17644,12096,4986,18,10,7
LEC,AST,2021-01-30,40.833333333333336,Bot,Jeskla,523,0,0,3,2,16446,351,31,27,2,20210,18228,1652,2669,10771,7640,2745,20,6,6
LEC,AST,2021-01-30,40.833333333333336,Support,promisq,117,0,0,4,2,8146,17,0,0,0,4622,252,3797,1910,9483,6574,2761,64,9,19
LEC,XL,2021-01-30,40.833333333333336,Top,Kryze,58,1,3,0,8,16757,339,16,2,4,11529,9591,1937,9373,27525,20163,5501,21,7,7
LEC,XL,2021-01-30,40.833333333333336,Jungle,Dan,876,1,2,1,5,12141,33,189,118,16,5071,124,3766,18816,28242,20417,7387,13,15,13
LEC,XL,2021-01-30,40.833333333333336,Mid,Czekolad,61,1,2,0,9,16696,328,41,21,18,14086,300,13735,1552,8789,5887,2649,21,4,8
LEC,XL,2021-01-30,40.833333333333336,Bot,Patrik,498,1,6,1,8,19414,328,42,26,8,23093,20309,67,2652,16430,11099,5192,14,12,8
LEC,XL,2021-01-30,40.833333333333336,Support,Tore,497,1,1,0,13,9932,46,1,0,1,6288,1298,4277,5942,13929,10044,3624,54,18,16
