League,team,date,min,role,name,hero,win,kills,deaths,assists,goldEarned,totalMinionsKilled,neutralMinionsKilled,neutralMinionsKilledTeamJungle,neutralMinionsKilledEnemyJungle,totalDamageDealtToChampions,physicalDamageDealtToChampions,magicDamageDealtToChampions,totalHeal,totalDamageTaken,physicalDamageTaken,magicalDamageTaken,wardsPlaced,wardsKilled,visionWardsBoughtInGame
LCS,100,2021-02-12,31.033333333333335,Top,Ssumday,58,1,1,2,4,11217,244,0,0,0,11087,9947,1140,7789,26378,17165,5920,13,3,5
LCS,100,2021-02-12,31.033333333333335,Jungle,Closer,77,1,2,1,6,11476,42,185,100,38,6523,2861,3042,15902,30387,19641,8445,9,16,9
LCS,100,2021-02-12,31.033333333333335,Mid,Damonte,61,1,1,4,10,11922,228,25,13,6,10431,371,10059,520,12068,4258,6615,10,5,4
LCS,100,2021-02-12,31.033333333333335,Bot,FBI,235,1,8,1,6,13636,58,12,8,0,38549,34139,783,14525,12823,5758,6181,40,16,6
LCS,100,2021-02-12,31.033333333333335,Support,huhi,223,1,3,0,9,11249,195,0,0,0,8323,780,7543,7128,19595,10667,7801,8,3,6
LCS,FLY,2021-02-12,31.033333333333335,Top,Licorice,41,0,3,1,3,12738,277,0,0,0,23633,17143,3219,5168,23187,18814,3509,12,0,4
LCS,FLY,2021-02-12,31.033333333333335,Jungle,Josedeodo,2,0,2,3,5,10897,38,172,112,17,11516,6994,148,14095,34242,26876,6132,9,8,7
LCS,FLY,2021-02-12,31.033333333333335,Mid,Palafox,268,0,3,6,0,12341,269,8,8,0,9727,346,8428,1969,20168,13763,5700,12,4,6
LCS,FLY,2021-02-12,31.033333333333335,Bot,Johnsun,147,0,0,2,6,9882,220,0,0,0,12362,1408,10753,13620,12302,8582,3334,13,8,7
LCS,FLY,2021-02-12,31.033333333333335,Support,Diamond,57,0,0,3,2,6570,48,0,0,0,9465,181,9284,4583,22703,16454,5188,27,5,10
