League,team,date,min,role,name,hero,win,kills,deaths,assists,goldEarned,totalMinionsKilled,neutralMinionsKilled,neutralMinionsKilledTeamJungle,neutralMinionsKilledEnemyJungle,totalDamageDealtToChampions,physicalDamageDealtToChampions,magicDamageDealtToChampions,totalHeal,totalDamageTaken,physicalDamageTaken,magicalDamageTaken,wardsPlaced,wardsKilled,visionWardsBoughtInGame
LCS,C9,2021-02-20,27.483333333333334,Top,Fudge,79,1,0,2,8,8266,168,0,0,0,9620,1495,8125,8074,19706,14229,3037,13,0,7
LCS,C9,2021-02-20,27.483333333333334,Jungle,Blaber,876,1,5,1,10,12449,44,192,119,17,16871,528,11822,19177,29151,21869,7107,6,7,4
LCS,C9,2021-02-20,27.483333333333334,Mid,Perkz,18,1,14,2,3,16054,241,19,9,7,29363,24071,4716,3712,17636,11501,3884,12,4,6
LCS,C9,2021-02-20,27.483333333333334,Bot,Zven,22,1,1,3,14,10758,223,5,0,4,17975,14075,2141,2371,12177,7157,2883,10,13,3
LCS,C9,2021-02-20,27.483333333333334,Support,Vulcan,117,1,1,1,17,7112,9,0,0,0,6270,1015,5167,1816,5786,4473,1185,41,4,13
LCS,DIG,2021-02-20,27.483333333333334,Top,FakeGod,58,0,1,4,2,10489,234,8,0,4,8297,7503,773,5416,25971,17690,6666,11,4,7
LCS,DIG,2021-02-20,27.483333333333334,Jungle,Dardoch,141,0,4,4,1,10988,38,154,119,3,6421,5523,722,16901,28535,19338,8017,16,9,7
LCS,DIG,2021-02-20,27.483333333333334,Mid,Soligo,4,0,0,5,4,8768,177,4,0,0,10071,878,9124,1574,15378,8733,4901,10,1,4
LCS,DIG,2021-02-20,27.483333333333334,Bot,Neo,235,0,1,5,4,8554,171,0,0,0,10113,9248,0,7445,15785,9326,5846,12,4,4
LCS,DIG,2021-02-20,27.483333333333334,Support,aphromoo,223,0,1,3,4,6803,34,0,0,0,4020,278,3741,3292,20646,10328,8524,33,7,11
