League,team,date,min,role,name,hero,win,kills,deaths,assists,goldEarned,totalMinionsKilled,neutralMinionsKilled,neutralMinionsKilledTeamJungle,neutralMinionsKilledEnemyJungle,totalDamageDealtToChampions,physicalDamageDealtToChampions,magicDamageDealtToChampions,totalHeal,totalDamageTaken,physicalDamageTaken,magicalDamageTaken,wardsPlaced,wardsKilled,visionWardsBoughtInGame
LCK,DRX,2021-02-07,28.966666666666665,Top,Kingen,516,0,1,2,8,8552,159,0,0,0,9227,3050,6177,2089,24417,14648,9318,14,2,7
LCK,DRX,2021-02-07,28.966666666666665,Jungle,Pyosik,2,0,2,9,9,9349,36,105,71,3,14424,10653,0,11872,34118,19075,14684,11,13,10
LCK,DRX,2021-02-07,28.966666666666665,Mid,SOLKA,112,0,4,2,7,10814,209,12,8,1,22305,833,21472,2719,14396,7582,6546,19,9,9
LCK,DRX,2021-02-07,28.966666666666665,Bot,BAO,145,0,8,5,5,14322,239,4,4,0,18300,13351,4814,5641,16641,9515,6820,12,12,3
LCK,DRX,2021-02-07,28.966666666666665,Support,Becca,526,0,1,8,8,6921,45,4,0,0,7276,836,5719,1625,18556,13541,4430,40,12,18
LCK,DK,2021-02-07,28.966666666666665,Top,Khan,14,1,2,2,13,10821,186,0,0,0,15987,10604,5382,5464,23912,15640,7112,13,9,10
LCK,DK,2021-02-07,28.966666666666665,Jungle,Canyon,104,1,4,2,13,12639,38,225,105,65,20708,18349,1184,10295,19314,11882,7065,13,10,11
LCK,DK,2021-02-07,28.966666666666665,Mid,ShowMaker,134,1,9,2,8,13573,211,32,13,8,24009,1461,22417,3110,14268,5820,7602,14,4,8
LCK,DK,2021-02-07,28.966666666666665,Bot,Ghost,429,1,8,3,6,13930,240,32,24,5,14390,13626,644,3588,16424,6983,7817,33,14,9
LCK,DK,2021-02-07,28.966666666666665,Support,BeryL,79,1,3,7,15,7911,45,0,0,0,12425,1192,10688,8905,24599,12795,11172,40,13,18
