League,team,date,min,role,name,hero,win,kills,deaths,assists,goldEarned,totalMinionsKilled,neutralMinionsKilled,neutralMinionsKilledTeamJungle,neutralMinionsKilledEnemyJungle,totalDamageDealtToChampions,physicalDamageDealtToChampions,magicDamageDealtToChampions,totalHeal,totalDamageTaken,physicalDamageTaken,magicalDamageTaken,wardsPlaced,wardsKilled,visionWardsBoughtInGame
LCK,HLE,2021-01-13,29.783333333333335,Top,Morgan,875,1,1,1,7,10586,193,4,0,0,10392,8865,0,2354,16820,12137,2783,13,4,8
LCK,HLE,2021-01-13,29.783333333333335,Jungle,Arthur,2,1,5,2,8,11515,40,130,89,0,9330,6146,9,15316,25656,18918,5982,12,11,12
LCK,HLE,2021-01-13,29.783333333333335,Mid,Chovy,61,1,3,2,10,13557,265,40,32,4,17409,1275,16134,395,8826,4891,3621,15,7,8
LCK,HLE,2021-01-13,29.783333333333335,Bot,Deft,145,1,8,1,3,13899,253,12,8,0,13481,9526,3061,6657,12716,10752,1964,18,8,1
LCK,HLE,2021-01-13,29.783333333333335,Support,Vsta,526,1,0,2,11,7244,48,0,0,0,3071,247,2421,631,8917,5322,3055,49,27,19
LCK,T1,2021-01-13,29.783333333333335,Top,Canna,164,0,1,3,5,12562,259,6,0,5,9099,6415,659,6570,17727,12761,3600,9,7,3
LCK,T1,2021-01-13,29.783333333333335,Jungle,Ellim,104,0,0,1,6,9767,45,160,127,9,6697,5570,420,2501,8650,5803,2241,11,21,10
LCK,T1,2021-01-13,29.783333333333335,Mid,Clozer,142,0,0,5,5,9581,227,16,11,0,10627,1460,8658,3921,17165,7363,8566,13,3,5
LCK,T1,2021-01-13,29.783333333333335,Bot,Gumayusi,202,0,7,2,0,14275,277,6,4,2,15642,13013,2358,2910,11053,8767,1621,14,7,6
LCK,T1,2021-01-13,29.783333333333335,Support,Keria,12,0,0,6,7,6132,32,0,0,0,2948,327,2620,2966,16244,7154,6966,51,9,19
