League,team,date,min,role,name,hero,win,kills,deaths,assists,goldEarned,totalMinionsKilled,neutralMinionsKilled,neutralMinionsKilledTeamJungle,neutralMinionsKilledEnemyJungle,totalDamageDealtToChampions,physicalDamageDealtToChampions,magicDamageDealtToChampions,totalHeal,totalDamageTaken,physicalDamageTaken,magicalDamageTaken,wardsPlaced,wardsKilled,visionWardsBoughtInGame
LCS,DIG,2021-02-21,28.316666666666666,Top,FakeGod,150,1,6,1,9,11961,195,17,9,4,11857,8860,2425,3954,15596,6192,7322,15,4,6
LCS,DIG,2021-02-21,28.316666666666666,Jungle,Dardoch,72,1,1,1,14,10158,30,158,91,12,6868,3000,3291,8641,19262,12658,6029,8,14,7
LCS,DIG,2021-02-21,28.316666666666666,Mid,Soligo,268,1,4,1,11,12683,251,12,12,0,19025,370,18085,2255,8667,5116,3159,14,2,7
LCS,DIG,2021-02-21,28.316666666666666,Bot,Neo,429,1,6,1,5,13184,262,3,3,0,11521,11051,469,2046,4486,2959,1526,16,19,7
LCS,DIG,2021-02-21,28.316666666666666,Support,aphromoo,12,1,3,3,12,8191,34,0,0,0,4032,529,2985,7267,9180,6036,2082,35,7,12
LCS,TSM,2021-02-21,28.316666666666666,Top,Huni,117,0,0,1,5,8598,189,0,0,0,7104,752,6351,3919,6887,4522,2230,10,2,5
LCS,TSM,2021-02-21,28.316666666666666,Jungle,Spica,2,0,2,5,1,9589,12,175,121,20,14629,10467,456,15937,34257,21222,12321,6,4,6
LCS,TSM,2021-02-21,28.316666666666666,Mid,PowerOfEvil,42,0,2,3,1,11859,260,16,16,0,11228,1227,10000,477,10857,4485,6025,11,5,2
LCS,TSM,2021-02-21,28.316666666666666,Bot,Lost,360,0,1,5,5,9450,210,0,0,0,4719,3982,737,2743,13622,9060,3985,12,9,6
LCS,TSM,2021-02-21,28.316666666666666,Support,SwordArt,526,0,2,6,3,6372,35,0,0,0,2212,330,1480,461,11998,5844,5690,42,11,12
