League,team,date,min,role,name,hero,win,kills,deaths,assists,goldEarned,totalMinionsKilled,neutralMinionsKilled,neutralMinionsKilledTeamJungle,neutralMinionsKilledEnemyJungle,totalDamageDealtToChampions,physicalDamageDealtToChampions,magicDamageDealtToChampions,totalHeal,totalDamageTaken,physicalDamageTaken,magicalDamageTaken,wardsPlaced,wardsKilled,visionWardsBoughtInGame
LCK,BRO,2021-02-06,25.516666666666666,Top,Hoya,79,0,0,2,0,7026,165,0,0,0,14386,2696,11690,10968,21920,16238,5444,13,2,5
LCK,BRO,2021-02-06,25.516666666666666,Jungle,UmTi,147,0,0,4,0,6603,159,0,0,0,4082,620,3233,2903,11593,5462,5890,11,11,4
LCK,BRO,2021-02-06,25.516666666666666,Mid,Chieftain,104,0,0,4,1,7994,52,134,112,0,4488,3889,287,5447,16019,11005,4193,8,20,8
LCK,BRO,2021-02-06,25.516666666666666,Bot,Hena,498,0,0,2,1,9122,244,4,1,0,9215,9036,178,1042,6856,5918,802,11,18,5
LCK,BRO,2021-02-06,25.516666666666666,Support,Delight,12,0,1,4,0,5258,33,0,0,0,2571,337,1608,2036,11620,6863,4182,39,12,12
LCK,T1,2021-02-06,25.516666666666666,Top,Zeus,58,1,2,0,9,11347,215,6,4,2,17347,15948,1398,12647,29131,17778,10929,12,4,7
LCK,T1,2021-02-06,25.516666666666666,Jungle,Ellim,80,1,3,0,8,10171,37,134,81,10,7060,6003,591,10678,19618,14476,5044,27,11,7
LCK,T1,2021-02-06,25.516666666666666,Mid,Faker,61,1,4,0,6,12373,215,33,17,13,12495,695,11799,280,5603,3248,2185,12,5,4
LCK,T1,2021-02-06,25.516666666666666,Bot,Gumayusi,145,1,5,0,6,12775,244,28,20,1,10987,7044,2843,4048,7207,6027,1179,19,8,5
LCK,T1,2021-02-06,25.516666666666666,Support,Keria,111,1,2,1,10,7188,42,0,0,0,3919,680,2792,938,8352,6079,1799,40,11,15
