League,team,date,min,role,name,hero,win,kills,deaths,assists,goldEarned,totalMinionsKilled,neutralMinionsKilled,neutralMinionsKilledTeamJungle,neutralMinionsKilledEnemyJungle,totalDamageDealtToChampions,physicalDamageDealtToChampions,magicDamageDealtToChampions,totalHeal,totalDamageTaken,physicalDamageTaken,magicalDamageTaken,wardsPlaced,wardsKilled,visionWardsBoughtInGame
LCS,IMT,2021-02-28,32.016666666666666,Top,Revenge,79,0,2,3,3,10274,231,0,0,0,7294,460,6834,8621,22476,11935,9766,17,10,10
LCS,IMT,2021-02-28,32.016666666666666,Jungle,Xerxe,120,0,2,2,2,9487,29,151,114,13,4763,2595,1531,16470,29704,19296,9735,8,10,9
LCS,IMT,2021-02-28,32.016666666666666,Mid,Insanity,115,0,1,1,2,11718,277,24,20,0,18093,417,17426,968,8143,5071,2939,15,4,6
LCS,IMT,2021-02-28,32.016666666666666,Bot,Raes,235,0,2,4,3,9379,59,0,0,0,25844,25602,0,9657,14363,10980,3178,37,19,7
LCS,IMT,2021-02-28,32.016666666666666,Support,Destiny,223,0,0,6,3,10185,200,8,4,0,4700,789,3911,2669,24160,13358,9104,7,4,2
LCS,TL,2021-02-28,32.016666666666666,Top,Alphari,150,1,5,0,4,15287,272,17,8,4,16059,12897,2694,7547,18428,14171,4207,17,6,8
LCS,TL,2021-02-28,32.016666666666666,Jungle,Santorin,59,1,2,3,9,11540,45,173,111,15,7756,6777,375,14749,31345,20517,10769,31,19,6
LCS,TL,2021-02-28,32.016666666666666,Mid,Jensen,268,1,4,1,4,14758,290,36,23,5,24590,1932,22232,3585,13006,6119,6506,8,5,4
LCS,TL,2021-02-28,32.016666666666666,Bot,Tactical,145,1,4,1,6,14932,245,53,17,22,14064,8986,3571,6996,18196,10757,7050,14,9,4
LCS,TL,2021-02-28,32.016666666666666,Support,CoreJJ,53,1,1,2,10,8625,32,0,0,0,5640,1853,3308,1714,13954,8011,5691,40,8,13
