League,team,date,min,role,name,hero,win,kills,deaths,assists,goldEarned,totalMinionsKilled,neutralMinionsKilled,neutralMinionsKilledTeamJungle,neutralMinionsKilledEnemyJungle,totalDamageDealtToChampions,physicalDamageDealtToChampions,magicDamageDealtToChampions,totalHeal,totalDamageTaken,physicalDamageTaken,magicalDamageTaken,wardsPlaced,wardsKilled,visionWardsBoughtInGame
LCK,DRX,2021-01-28,34.56666666666667,Top,Kingen,68,0,1,5,3,10837,218,2,1,0,20923,134,20788,2565,20227,13462,5076,13,2,2
LCK,DRX,2021-01-28,34.56666666666667,Jungle,Pyosik,876,0,2,3,6,13266,46,228,152,28,24586,443,17700,12861,32134,21341,9492,10,12,8
LCK,DRX,2021-01-28,34.56666666666667,Mid,SOLKA,56,0,3,6,5,11647,255,1,1,0,9781,8199,1330,9497,36312,20230,14848,23,3,13
LCK,DRX,2021-01-28,34.56666666666667,Bot,BAO,202,0,3,4,2,13467,283,12,8,0,12077,10725,1255,1505,11527,7463,3281,18,12,7
LCK,DRX,2021-01-28,34.56666666666667,Support,Becca,875,0,0,5,4,6753,49,0,0,0,5481,3742,0,885,15120,8778,5315,61,23,18
LCK,KT,2021-01-28,34.56666666666667,Top,Doran,150,1,4,3,14,13914,233,6,3,0,20558,17944,1579,10208,32984,12068,17259,21,7,9
LCK,KT,2021-01-28,34.56666666666667,Jungle,Blank,120,1,4,1,17,13892,37,184,115,24,15206,11445,2837,23640,35866,22445,11819,44,24,13
LCK,KT,2021-01-28,34.56666666666667,Mid,Ucal,268,1,7,3,10,16987,303,36,25,0,29128,877,24992,1483,12904,5887,5795,15,20,3
LCK,KT,2021-01-28,34.56666666666667,Bot,HyBriD,360,1,8,2,4,16599,292,28,25,0,14145,11084,2582,3040,14540,7422,5379,8,11,4
LCK,KT,2021-01-28,34.56666666666667,Support,Zzus,89,1,0,0,17,8938,39,0,0,0,3394,1316,1743,2315,10801,4071,5418,60,17,20
