League,team,date,min,role,name,hero,win,kills,deaths,assists,goldEarned,totalMinionsKilled,neutralMinionsKilled,neutralMinionsKilledTeamJungle,neutralMinionsKilledEnemyJungle,totalDamageDealtToChampions,physicalDamageDealtToChampions,magicDamageDealtToChampions,totalHeal,totalDamageTaken,physicalDamageTaken,magicalDamageTaken,wardsPlaced,wardsKilled,visionWardsBoughtInGame
LCS,C9,2021-02-14,29.116666666666667,Top,Fudge,79,1,4,0,6,11242,207,4,0,4,9969,1632,8336,8057,16284,14230,1845,12,6,4
LCS,C9,2021-02-14,29.116666666666667,Jungle,Blaber,163,1,3,0,9,11882,42,174,131,1,14660,641,13122,10266,16485,12938,3445,11,7,8
LCS,C9,2021-02-14,29.116666666666667,Mid,Perkz,18,1,3,3,9,13341,248,23,8,9,13519,10583,2090,1694,14367,7436,4485,13,18,5
LCS,C9,2021-02-14,29.116666666666667,Bot,Zven,360,1,5,0,7,13679,248,11,4,3,10982,10172,700,3454,10642,6439,4202,14,11,6
LCS,C9,2021-02-14,29.116666666666667,Support,Vulcan,12,1,1,3,14,8034,35,0,0,0,3553,620,2419,5324,11449,7690,3357,45,8,15
LCS,FLY,2021-02-14,29.116666666666667,Top,Licorice,266,0,0,5,1,9481,207,31,21,0,10132,10094,37,6649,22808,11507,10374,14,8,6
LCS,FLY,2021-02-14,29.116666666666667,Jungle,Josedeodo,104,0,2,2,1,10220,32,186,125,12,6599,5719,211,4779,18586,12996,5464,6,8,6
LCS,FLY,2021-02-14,29.116666666666667,Mid,Palafox,134,0,1,2,3,9575,240,0,0,0,10839,537,10301,257,8081,5065,2848,17,4,8
LCS,FLY,2021-02-14,29.116666666666667,Bot,Johnsun,145,0,1,3,2,10489,254,3,3,0,6411,4144,2267,3933,12765,6460,5763,19,7,3
LCS,FLY,2021-02-14,29.116666666666667,Support,Diamond,89,0,2,4,1,6230,36,0,0,0,2278,395,1394,328,10537,6172,3761,43,15,16
