League,team,date,min,role,name,hero,win,kills,deaths,assists,goldEarned,totalMinionsKilled,neutralMinionsKilled,neutralMinionsKilledTeamJungle,neutralMinionsKilledEnemyJungle,totalDamageDealtToChampions,physicalDamageDealtToChampions,magicDamageDealtToChampions,totalHeal,totalDamageTaken,physicalDamageTaken,magicalDamageTaken,wardsPlaced,wardsKilled,visionWardsBoughtInGame
LCK,HLE,2021-03-07,33.666666666666664,Top,Morgan,79,0,2,3,4,12169,252,4,1,0,12359,1794,10564,12933,27406,17837,8078,14,5,6
LCK,HLE,2021-03-07,33.666666666666664,Jungle,yoHan,421,0,1,2,0,9119,19,149,109,0,3263,2823,40,13610,23310,16779,6396,11,16,10
LCK,HLE,2021-03-07,33.666666666666664,Mid,Chovy,134,0,0,3,3,12434,304,20,20,0,10537,837,9699,1300,10063,5855,3930,20,10,12
LCK,HLE,2021-03-07,33.666666666666664,Bot,Deft,145,0,2,3,1,13208,307,18,15,0,13288,9778,2124,4804,13041,9427,3101,29,16,3
LCK,HLE,2021-03-07,33.666666666666664,Support,Vsta,89,0,1,3,3,7220,41,0,0,0,1970,313,1224,226,9781,5684,3585,63,17,18
LCK,GEN,2021-03-07,33.666666666666664,Top,Rascal,164,1,2,1,5,14632,294,26,16,7,12730,9609,1059,7808,21339,14229,6426,13,7,8
LCK,GEN,2021-03-07,33.666666666666664,Jungle,Clid,120,1,4,2,8,12122,33,169,105,21,9026,6236,2537,16725,27748,19480,7464,14,28,14
LCK,GEN,2021-03-07,33.666666666666664,Mid,Bdd,268,1,5,0,4,15004,302,36,23,4,16797,747,16050,4976,12218,6708,5401,20,14,10
LCK,GEN,2021-03-07,33.666666666666664,Bot,Ruler,498,1,3,1,4,16245,348,29,20,1,12050,10507,929,1071,8463,4112,4350,17,19,7
LCK,GEN,2021-03-07,33.666666666666664,Support,Life,526,1,0,2,6,7371,29,0,0,0,1874,128,1745,1246,8201,3944,3634,68,6,18
