League,team,date,min,role,name,hero,win,kills,deaths,assists,goldEarned,totalMinionsKilled,neutralMinionsKilled,neutralMinionsKilledTeamJungle,neutralMinionsKilledEnemyJungle,totalDamageDealtToChampions,physicalDamageDealtToChampions,magicDamageDealtToChampions,totalHeal,totalDamageTaken,physicalDamageTaken,magicalDamageTaken,wardsPlaced,wardsKilled,visionWardsBoughtInGame
LCK,AF,2021-02-21,35.68333333333333,Top,Kiin,58,0,1,2,4,12453,258,22,14,0,9576,7894,1682,12931,34598,17836,16038,11,4,8
LCK,AF,2021-02-21,35.68333333333333,Jungle,Dread,2,0,0,5,8,10180,50,139,104,8,7016,5267,0,18189,35915,21329,12962,14,18,12
LCK,AF,2021-02-21,35.68333333333333,Mid,Fly,112,0,4,3,4,13551,270,16,12,4,28114,242,27871,2595,16894,7387,9222,18,3,6
LCK,AF,2021-02-21,35.68333333333333,Bot,Bang,145,0,6,2,4,15603,277,39,35,4,21000,15359,3983,7697,16062,9886,5618,36,16,6
LCK,AF,2021-02-21,35.68333333333333,Support,Lehends,79,0,2,7,9,8828,28,2,2,0,11584,452,10261,6743,19855,10943,7826,57,12,19
LCK,DRX,2021-02-21,35.68333333333333,Top,Kingen,150,1,1,1,4,14283,282,24,0,12,20845,16004,4391,7405,23927,13005,9632,15,9,11
LCK,DRX,2021-02-21,35.68333333333333,Jungle,Pyosik,36,1,8,2,5,15315,36,227,143,12,21389,4641,15801,38615,42759,27211,14065,14,30,13
LCK,DRX,2021-02-21,35.68333333333333,Mid,SOLKA,134,1,3,0,8,14937,316,24,17,4,25288,1213,23121,2460,9850,3064,6554,18,11,6
LCK,DRX,2021-02-21,35.68333333333333,Bot,BAO,523,1,5,5,7,15610,301,12,12,0,17759,14927,959,2902,12256,4436,6852,15,18,4
LCK,DRX,2021-02-21,35.68333333333333,Support,Becca,412,1,2,5,10,8983,29,4,0,0,3529,589,2889,1473,14668,5391,8969,68,7,22
