League,team,date,min,role,name,hero,win,kills,deaths,assists,goldEarned,totalMinionsKilled,neutralMinionsKilled,neutralMinionsKilledTeamJungle,neutralMinionsKilledEnemyJungle,totalDamageDealtToChampions,physicalDamageDealtToChampions,magicDamageDealtToChampions,totalHeal,totalDamageTaken,physicalDamageTaken,magicalDamageTaken,wardsPlaced,wardsKilled,visionWardsBoughtInGame
LCS,EG,2021-02-13,31.116666666666667,Top,Impact,79,1,5,0,12,11771,193,8,4,0,12260,1959,10125,13004,18562,8763,9128,13,3,5
LCS,EG,2021-02-13,31.116666666666667,Jungle,Svenskeren,104,1,7,2,15,13793,41,171,100,26,17520,15502,564,10061,24642,13882,8682,14,10,11
LCS,EG,2021-02-13,31.116666666666667,Mid,Jiizuke,13,1,7,4,11,15187,245,33,13,13,16720,465,16254,4073,14134,7066,5687,13,3,4
LCS,EG,2021-02-13,31.116666666666667,Bot,Deftly,235,1,3,2,19,10529,37,4,4,0,19879,19819,0,12789,10162,5038,4469,31,14,6
LCS,EG,2021-02-13,31.116666666666667,Support,IgNar,223,1,4,2,17,11623,176,4,0,0,7835,1683,6152,9254,21039,9405,9637,20,2,12
LCS,C9,2021-02-13,31.116666666666667,Top,Fudge,164,0,3,4,5,11950,225,3,1,0,12222,8346,835,5483,23442,15307,7676,10,1,4
LCS,C9,2021-02-13,31.116666666666667,Jungle,Blaber,163,0,2,7,2,10496,47,159,121,4,17220,154,15843,9121,23611,12433,10962,14,4,9
LCS,C9,2021-02-13,31.116666666666667,Mid,Perkz,3,0,3,4,4,9969,196,1,1,0,11155,131,11005,884,20446,15052,4754,14,0,5
LCS,C9,2021-02-13,31.116666666666667,Bot,Zven,145,0,2,3,4,12261,271,19,14,4,13444,8968,3120,6543,15678,12322,3239,12,13,3
LCS,C9,2021-02-13,31.116666666666667,Support,Vulcan,53,0,0,8,6,6388,28,0,0,0,6575,930,4505,1019,20171,10587,9325,37,7,12
