League,team,date,min,role,name,hero,win,kills,deaths,assists,goldEarned,totalMinionsKilled,neutralMinionsKilled,neutralMinionsKilledTeamJungle,neutralMinionsKilledEnemyJungle,totalDamageDealtToChampions,physicalDamageDealtToChampions,magicDamageDealtToChampions,totalHeal,totalDamageTaken,physicalDamageTaken,magicalDamageTaken,wardsPlaced,wardsKilled,visionWardsBoughtInGame
LEC,VIT,2021-02-19,31.516666666666666,Top,Szygenda,266,1,6,3,9,13263,209,4,4,0,17097,16861,236,11584,28844,19759,8257,14,5,7
LEC,VIT,2021-02-19,31.516666666666666,Jungle,Skeanz,876,1,10,2,9,13428,32,161,105,9,17831,1129,10888,12994,27021,18444,7762,11,10,10
LEC,VIT,2021-02-19,31.516666666666666,Mid,Milica,147,1,2,1,17,11058,188,0,0,0,6305,899,5326,7158,7739,4143,3144,18,7,7
LEC,VIT,2021-02-19,31.516666666666666,Bot,Crownshot,498,1,9,2,7,19026,343,38,29,8,18850,16900,0,5869,13501,8268,4831,13,11,2
LEC,VIT,2021-02-19,31.516666666666666,Support,Labrov,526,1,0,6,17,7819,31,0,0,0,5836,505,4513,1222,16012,8663,6219,38,7,15
LEC,FNC,2021-02-19,31.516666666666666,Top,Bwipo,62,0,2,6,2,11685,205,12,3,4,12982,11573,1408,2727,24220,18684,3831,19,6,12
LEC,FNC,2021-02-19,31.516666666666666,Jungle,Selfmade,2,0,2,5,4,10357,27,174,111,7,9158,6497,0,17707,32558,22233,7771,11,7,10
LEC,FNC,2021-02-19,31.516666666666666,Mid,Nisqy,13,0,3,5,6,12979,270,28,21,4,18399,978,17421,4157,15748,9307,5255,17,4,8
LEC,FNC,2021-02-19,31.516666666666666,Bot,Upset,145,0,6,3,4,16163,311,32,32,0,12439,8629,3567,4034,13965,10724,2713,14,6,3
LEC,FNC,2021-02-19,31.516666666666666,Support,Hylissang,12,0,1,8,7,7158,28,0,0,0,5600,714,4163,4339,19995,12601,4706,47,6,15
