League,team,date,min,role,name,hero,win,kills,deaths,assists,goldEarned,totalMinionsKilled,neutralMinionsKilled,neutralMinionsKilledTeamJungle,neutralMinionsKilledEnemyJungle,totalDamageDealtToChampions,physicalDamageDealtToChampions,magicDamageDealtToChampions,totalHeal,totalDamageTaken,physicalDamageTaken,magicalDamageTaken,wardsPlaced,wardsKilled,visionWardsBoughtInGame
LCK,T1,2021-01-24,35.65,Top,Canna,41,0,2,2,3,16652,325,32,22,0,20259,12601,5744,4454,18065,13783,3942,18,1,8
LCK,T1,2021-01-24,35.65,Jungle,Ellim,77,0,1,2,3,10898,70,163,114,6,4745,1396,2723,11357,23956,18111,4773,15,39,13
LCK,T1,2021-01-24,35.65,Mid,Clozer,61,0,1,3,2,13623,307,40,38,0,19499,1219,18280,1327,15918,10593,3529,14,5,3
LCK,T1,2021-01-24,35.65,Bot,Gumayusi,145,0,2,4,2,14762,338,32,28,0,12405,6938,5262,6539,13438,10768,2122,15,23,7
LCK,T1,2021-01-24,35.65,Support,Keria,497,0,0,5,6,7502,29,0,0,0,5449,1349,4100,2343,15607,9614,4732,71,22,24
LCK,KT,2021-01-24,35.65,Top,Doran,58,1,2,0,6,16173,354,26,11,0,14724,12031,2693,15851,36145,21031,12912,23,10,11
LCK,KT,2021-01-24,35.65,Jungle,Blank,876,1,2,2,8,11763,27,178,131,4,7217,767,4642,12242,25039,14560,10288,54,18,15
LCK,KT,2021-01-24,35.65,Mid,Ucal,777,1,3,0,5,15970,334,32,14,3,14620,8871,3342,3303,10175,3902,6273,16,7,6
LCK,KT,2021-01-24,35.65,Bot,HyBriD,360,1,8,2,5,18022,331,28,24,4,14865,12670,1822,7032,19025,13783,5043,15,14,5
LCK,KT,2021-01-24,35.65,Support,Zzus,526,1,1,2,12,8880,41,0,0,0,4734,448,3855,2112,10574,4055,6365,62,18,20
