League,team,date,min,role,name,hero,win,kills,deaths,assists,goldEarned,totalMinionsKilled,neutralMinionsKilled,neutralMinionsKilledTeamJungle,neutralMinionsKilledEnemyJungle,totalDamageDealtToChampions,physicalDamageDealtToChampions,magicDamageDealtToChampions,totalHeal,totalDamageTaken,physicalDamageTaken,magicalDamageTaken,wardsPlaced,wardsKilled,visionWardsBoughtInGame
LCK,LSB,2021-02-05,35.583333333333336,Top,Summit,150,0,1,5,6,12111,256,17,5,0,17117,13158,3958,8099,33102,16102,15957,18,8,9
LCK,LSB,2021-02-05,35.583333333333336,Jungle,Croco,77,0,0,3,10,10310,41,131,91,0,7389,2644,3929,13044,32969,23140,9467,17,20,19
LCK,LSB,2021-02-05,35.583333333333336,Mid,FATE,268,0,4,2,0,15020,324,20,20,0,20577,371,20030,2497,14860,11382,3392,14,8,6
LCK,LSB,2021-02-05,35.583333333333336,Bot,Route,145,0,5,5,2,14933,291,12,8,0,14310,9657,4161,3349,14371,11910,2461,28,12,7
LCK,LSB,2021-02-05,35.583333333333336,Support,Effort,111,0,0,6,2,6883,38,0,0,0,1628,338,1290,1268,15980,7393,8093,63,14,21
LCK,DK,2021-02-05,35.583333333333336,Top,Khan,105,1,4,3,6,14115,235,16,8,8,13692,5191,7944,3712,20108,11151,8524,8,6,4
LCK,DK,2021-02-05,35.583333333333336,Jungle,Canyon,80,1,3,4,10,12150,26,156,115,4,13747,12903,647,19802,40342,26601,13309,35,13,10
LCK,DK,2021-02-05,35.583333333333336,Mid,ShowMaker,134,1,4,0,8,16253,292,50,13,28,22974,500,22001,2258,10760,5534,4841,16,16,5
LCK,DK,2021-02-05,35.583333333333336,Bot,Ghost,498,1,8,2,7,17827,307,34,21,6,24743,23076,1173,3415,13713,7959,4605,18,14,7
LCK,DK,2021-02-05,35.583333333333336,Support,BeryL,526,1,2,1,12,9280,46,0,0,0,6640,553,5823,2542,12706,5237,7385,60,20,20
