League,team,date,min,role,name,hero,win,kills,deaths,assists,goldEarned,totalMinionsKilled,neutralMinionsKilled,neutralMinionsKilledTeamJungle,neutralMinionsKilledEnemyJungle,totalDamageDealtToChampions,physicalDamageDealtToChampions,magicDamageDealtToChampions,totalHeal,totalDamageTaken,physicalDamageTaken,magicalDamageTaken,wardsPlaced,wardsKilled,visionWardsBoughtInGame
LEC,FNC,2021-01-24,27.566666666666666,Top,Bwipo,516,1,1,0,5,10834,234,4,4,0,10550,4584,5966,4472,18115,11878,5294,13,3,7
LEC,FNC,2021-01-24,27.566666666666666,Jungle,Selfmade,104,1,4,0,4,12245,30,203,118,22,10706,8535,1379,8606,14059,11028,2386,5,9,6
LEC,FNC,2021-01-24,27.566666666666666,Mid,Nisqy,4,1,1,0,10,11926,214,8,8,0,12717,1072,11451,2995,13921,9737,3766,7,3,3
LEC,FNC,2021-01-24,27.566666666666666,Bot,Upset,360,1,7,0,1,13214,226,18,4,10,10263,9072,563,3404,11763,8413,3284,15,6,6
LEC,FNC,2021-01-24,27.566666666666666,Support,Hylissang,875,1,0,4,7,6858,45,0,0,0,7043,4717,0,1394,17435,12279,4578,36,17,11
LEC,S04,2021-01-24,27.566666666666666,Top,BrokenBlade,24,0,1,3,0,9855,231,12,7,0,10441,7732,2708,3511,19639,12677,6498,10,1,4
LEC,S04,2021-01-24,27.566666666666666,Jungle,Gilius,876,0,0,2,2,7844,26,134,105,4,6633,165,4185,10783,24312,15968,7513,18,10,5
LEC,S04,2021-01-24,27.566666666666666,Mid,Abbedagge,236,0,1,1,2,9874,248,14,5,4,15263,13273,1990,2002,11440,7188,3276,13,7,6
LEC,S04,2021-01-24,27.566666666666666,Bot,Neon,145,0,0,4,3,9032,219,12,12,0,10162,7056,2742,2279,12142,8194,3637,11,5,5
LEC,S04,2021-01-24,27.566666666666666,Support,LIMIT,3,0,2,3,1,5731,29,0,0,0,5445,40,5405,1248,14080,11555,1164,40,4,14
