League,team,date,min,role,name,hero,win,kills,deaths,assists,goldEarned,totalMinionsKilled,neutralMinionsKilled,neutralMinionsKilledTeamJungle,neutralMinionsKilledEnemyJungle,totalDamageDealtToChampions,physicalDamageDealtToChampions,magicDamageDealtToChampions,totalHeal,totalDamageTaken,physicalDamageTaken,magicalDamageTaken,wardsPlaced,wardsKilled,visionWardsBoughtInGame
LEC,AST,2021-02-27,28.466666666666665,Top,WhiteKnight,14,0,3,3,1,10620,191,4,1,0,11557,7056,4501,1067,23111,9869,12403,10,4,7
LEC,AST,2021-02-27,28.466666666666665,Jungle,Zanzarah,876,0,3,6,2,9433,33,159,114,4,15208,54,11977,9766,29671,18335,10764,19,7,8
LEC,AST,2021-02-27,28.466666666666665,Mid,MagiFelix,18,0,0,5,2,8432,201,0,0,0,9674,6945,2728,2912,17477,9283,7829,9,5,3
LEC,AST,2021-02-27,28.466666666666665,Bot,Jeskla,429,0,0,5,1,8396,206,10,9,0,6455,5704,569,902,12562,6167,5997,12,9,3
LEC,AST,2021-02-27,28.466666666666665,Support,promisq,12,0,0,5,3,5501,40,0,0,0,2857,390,1676,3231,13411,6093,6453,37,15,15
LEC,RGE,2021-02-27,28.466666666666665,Top,Odoamne,150,1,4,2,7,12869,232,31,8,15,20810,16102,4708,8078,22290,12772,7704,11,3,3
LEC,RGE,2021-02-27,28.466666666666665,Jungle,Inspired,77,1,3,1,15,10842,28,155,107,16,9237,2991,5060,13923,26034,17705,7175,13,19,10
LEC,RGE,2021-02-27,28.466666666666665,Mid,Larssen,61,1,3,1,14,13453,244,24,20,4,20392,749,19372,678,9624,6161,3362,11,4,3
LEC,RGE,2021-02-27,28.466666666666665,Bot,Hans,145,1,12,1,6,15589,254,22,13,2,18176,11810,5708,7288,13058,8672,3892,24,12,6
LEC,RGE,2021-02-27,28.466666666666665,Support,Trymbi,526,1,2,1,11,7264,27,0,0,0,6249,355,4972,2578,9451,4961,3901,43,7,14
