League,team,date,min,role,name,hero,win,kills,deaths,assists,goldEarned,totalMinionsKilled,neutralMinionsKilled,neutralMinionsKilledTeamJungle,neutralMinionsKilledEnemyJungle,totalDamageDealtToChampions,physicalDamageDealtToChampions,magicDamageDealtToChampions,totalHeal,totalDamageTaken,physicalDamageTaken,magicalDamageTaken,wardsPlaced,wardsKilled,visionWardsBoughtInGame
LCS,TSM,2021-02-27,34.63333333333333,Top,Huni,126,1,3,2,6,16966,292,57,10,37,26666,25003,1662,4898,13185,8633,3543,14,10,3
LCS,TSM,2021-02-27,34.63333333333333,Jungle,Spica,72,1,3,1,9,12335,26,168,86,20,5890,2561,2017,12522,25874,17062,7902,30,17,12
LCS,TSM,2021-02-27,34.63333333333333,Mid,PowerOfEvil,134,1,2,1,7,15374,302,46,32,10,15058,348,14559,1163,8957,3807,4923,15,4,4
LCS,TSM,2021-02-27,34.63333333333333,Bot,Lost,145,1,6,0,4,16208,301,36,25,5,14740,10124,3903,10560,17628,9417,7723,13,7,3
LCS,TSM,2021-02-27,34.63333333333333,Support,SwordArt,497,1,1,1,9,8762,22,0,0,0,3970,370,3078,4924,8325,4525,3128,64,15,14
LCS,CLG,2021-02-27,34.63333333333333,Top,Finn,150,0,0,3,3,10879,231,13,12,0,4651,3968,607,7280,20904,15127,4736,13,6,3
LCS,CLG,2021-02-27,34.63333333333333,Jungle,Broxah,876,0,1,3,2,9772,39,135,89,7,6845,162,4364,14689,32737,21535,10746,7,10,8
LCS,CLG,2021-02-27,34.63333333333333,Mid,Pobelter,268,0,2,6,1,13191,291,16,12,0,14463,418,13894,5224,20914,12743,7329,14,5,5
LCS,CLG,2021-02-27,34.63333333333333,Bot,WildTurtle,523,0,2,1,1,16030,375,16,8,4,11216,9220,1572,7581,15734,12486,3060,10,10,2
LCS,CLG,2021-02-27,34.63333333333333,Support,Smoothie,526,0,0,2,3,6810,38,0,0,0,2475,101,2038,2011,9184,5920,3092,65,15,20
