League,team,date,min,role,name,hero,win,kills,deaths,assists,goldEarned,totalMinionsKilled,neutralMinionsKilled,neutralMinionsKilledTeamJungle,neutralMinionsKilledEnemyJungle,totalDamageDealtToChampions,physicalDamageDealtToChampions,magicDamageDealtToChampions,totalHeal,totalDamageTaken,physicalDamageTaken,magicalDamageTaken,wardsPlaced,wardsKilled,visionWardsBoughtInGame
LCS,TSM,2021-02-13,33.88333333333333,Top,Huni,79,1,0,4,10,12006,204,14,4,0,11941,560,11380,10155,23291,14952,7850,17,4,7
LCS,TSM,2021-02-13,33.88333333333333,Jungle,Spica,2,1,3,2,4,12032,49,151,109,4,6584,5098,0,17008,29512,21424,7577,15,20,15
LCS,TSM,2021-02-13,33.88333333333333,Mid,PowerOfEvil,134,1,5,0,5,14572,272,36,24,4,16114,234,15687,2338,9788,5462,4155,18,5,7
LCS,TSM,2021-02-13,33.88333333333333,Bot,Lost,81,1,7,2,4,15814,248,20,4,12,23008,15384,7623,4495,15148,12881,2182,14,10,5
LCS,TSM,2021-02-13,33.88333333333333,Support,SwordArt,432,1,0,2,9,8452,47,0,0,0,3044,637,2407,7705,12438,9175,2707,85,16,16
LCS,GG,2021-02-13,33.88333333333333,Top,Niles,150,0,3,4,5,11400,215,20,13,4,10647,8894,1753,5578,22008,8567,13111,13,9,5
LCS,GG,2021-02-13,33.88333333333333,Jungle,Iconic,104,0,1,3,4,11061,58,191,137,11,8562,8115,340,5971,17152,10175,6615,8,18,8
LCS,GG,2021-02-13,33.88333333333333,Mid,Ablazeolive,268,0,5,3,1,13398,268,32,15,6,18421,2958,15462,1876,12950,8188,4451,17,7,8
LCS,GG,2021-02-13,33.88333333333333,Bot,Stixxay,235,0,1,1,8,13348,309,8,8,0,16940,15157,549,10210,12182,7023,4745,10,14,4
LCS,GG,2021-02-13,33.88333333333333,Support,Newbie,412,0,0,4,7,7132,40,0,0,0,3476,347,2660,918,15955,5965,9725,62,17,25
