League,team,date,min,role,name,hero,win,kills,deaths,assists,goldEarned,totalMinionsKilled,neutralMinionsKilled,neutralMinionsKilledTeamJungle,neutralMinionsKilledEnemyJungle,totalDamageDealtToChampions,physicalDamageDealtToChampions,magicDamageDealtToChampions,totalHeal,totalDamageTaken,physicalDamageTaken,magicalDamageTaken,wardsPlaced,wardsKilled,visionWardsBoughtInGame
LCS,TL,2021-02-22,30.733333333333334,Top,Alphari,58,1,5,0,12,13603,235,8,4,4,8414,7091,1322,10107,23559,17421,4668,18,8,8
LCS,TL,2021-02-22,30.733333333333334,Jungle,Santorin,120,1,9,2,10,13623,16,175,96,13,10536,8213,2094,20851,34119,25698,6990,7,7,7
LCS,TL,2021-02-22,30.733333333333334,Mid,Jensen,61,1,4,2,14,12920,218,23,16,7,15840,703,15037,959,12767,8746,2817,12,6,4
LCS,TL,2021-02-22,30.733333333333334,Bot,Tactical,523,1,6,4,11,14143,241,32,21,4,20344,16860,1207,5945,14695,11409,2877,16,6,5
LCS,TL,2021-02-22,30.733333333333334,Support,CoreJJ,223,1,0,3,18,8076,33,0,0,0,3174,256,2917,3631,14575,10288,3225,38,8,10
LCS,C9,2021-02-22,30.733333333333334,Top,Fudge,79,0,0,4,5,8951,209,4,4,0,7582,534,7048,4026,17129,9608,6332,13,3,6
LCS,C9,2021-02-22,30.733333333333334,Jungle,Blaber,72,0,2,3,7,10437,29,144,112,0,7865,3037,3968,6514,19639,14207,4957,9,12,7
LCS,C9,2021-02-22,30.733333333333334,Mid,Perkz,236,0,7,5,3,13460,248,12,7,0,24643,20370,1670,1988,18976,11563,7243,11,10,4
LCS,C9,2021-02-22,30.733333333333334,Bot,Zven,22,0,2,5,7,11189,254,8,4,0,19506,17035,1359,2172,13579,11006,2168,10,4,3
LCS,C9,2021-02-22,30.733333333333334,Support,Vulcan,412,0,0,7,8,6116,34,0,0,0,3512,614,2897,655,12657,8356,3932,43,9,14
