League,team,date,min,role,name,hero,win,kills,deaths,assists,goldEarned,totalMinionsKilled,neutralMinionsKilled,neutralMinionsKilledTeamJungle,neutralMinionsKilledEnemyJungle,totalDamageDealtToChampions,physicalDamageDealtToChampions,magicDamageDealtToChampions,totalHeal,totalDamageTaken,physicalDamageTaken,magicalDamageTaken,wardsPlaced,wardsKilled,visionWardsBoughtInGame
LEC,G2,2021-02-05,29.566666666666666,Top,Wunder,133,1,4,2,4,13391,246,12,1,4,22135,20321,1541,2567,7934,4934,1748,16,6,6
LEC,G2,2021-02-05,29.566666666666666,Jungle,Jankos,163,1,3,2,3,11169,18,200,117,34,8210,169,7557,12214,20891,14980,5626,29,10,10
LEC,G2,2021-02-05,29.566666666666666,Mid,Caps,13,1,0,0,6,12780,237,73,29,22,6992,97,6795,4072,9004,6594,2384,13,3,4
LEC,G2,2021-02-05,29.566666666666666,Bot,Rekkles,202,1,6,0,6,14883,283,25,13,11,12838,12038,509,1574,4670,3865,726,10,9,2
LEC,G2,2021-02-05,29.566666666666666,Support,Mikyx,111,1,1,1,9,7753,37,0,0,0,5110,1092,3712,552,8507,5991,937,46,10,13
LEC,VIT,2021-02-05,29.566666666666666,Top,Szygenda,58,0,1,2,2,8830,207,0,0,0,2560,2224,335,4451,20580,17282,3019,13,3,5
LEC,VIT,2021-02-05,29.566666666666666,Jungle,Skeanz,59,0,1,2,4,8039,13,113,93,0,4099,3262,562,10386,24803,17174,7507,12,11,13
LEC,VIT,2021-02-05,29.566666666666666,Mid,Milica,4,0,1,1,2,11165,250,11,9,0,6909,734,5877,1025,7663,4925,2447,20,8,12
LEC,VIT,2021-02-05,29.566666666666666,Bot,Comp,429,0,1,4,2,11489,269,0,0,0,3354,3047,151,2685,13795,10019,3682,14,9,5
LEC,VIT,2021-02-05,29.566666666666666,Support,Labrov,412,0,1,5,3,6763,33,0,0,0,1580,271,821,156,11954,5832,5450,34,12,13
