League,team,date,min,role,name,hero,win,kills,deaths,assists,goldEarned,totalMinionsKilled,neutralMinionsKilled,neutralMinionsKilledTeamJungle,neutralMinionsKilledEnemyJungle,totalDamageDealtToChampions,physicalDamageDealtToChampions,magicDamageDealtToChampions,totalHeal,totalDamageTaken,physicalDamageTaken,magicalDamageTaken,wardsPlaced,wardsKilled,visionWardsBoughtInGame
LCK,BRO,2021-02-04,47.5,Top,Hoya,516,1,2,3,14,14779,280,0,0,0,17626,5495,12042,12873,44290,28995,13474,36,5,20
LCK,BRO,2021-02-04,47.5,Jungle,UmTi,104,1,3,3,10,16311,83,209,142,24,27449,21946,1888,13054,32475,24352,7727,46,23,14
LCK,BRO,2021-02-04,47.5,Mid,Lava,61,1,1,2,14,17873,355,40,32,4,33331,806,32350,2683,13916,7732,6041,22,7,11
LCK,BRO,2021-02-04,47.5,Bot,Hena,145,1,10,2,5,23704,464,32,24,0,43918,24692,12305,13639,25195,14535,10098,16,26,4
LCK,BRO,2021-02-04,47.5,Support,Delight,497,1,0,3,14,10543,53,0,0,0,10713,838,8839,9513,18681,11422,6996,117,23,22
LCK,KT,2021-02-04,47.5,Top,Doran,266,0,1,6,5,18340,377,45,17,15,23796,23771,24,27181,65141,32305,25050,29,20,11
LCK,KT,2021-02-04,47.5,Jungle,Blank,77,0,0,3,7,13829,58,201,105,22,6060,1168,3595,18062,48025,28007,18027,18,34,20
LCK,KT,2021-02-04,47.5,Mid,Ucal,147,0,3,0,10,18267,351,32,17,12,31256,1247,29708,30798,11113,5214,5797,27,19,9
LCK,KT,2021-02-04,47.5,Bot,HyBriD,498,0,9,1,3,21927,422,73,48,11,40693,38190,1804,4232,19183,9719,9006,13,28,3
LCK,KT,2021-02-04,47.5,Support,Zzus,526,0,0,6,7,9305,45,0,0,0,7262,241,6132,3273,28277,12572,13863,71,22,26
