League,team,date,min,role,name,hero,win,kills,deaths,assists,goldEarned,totalMinionsKilled,neutralMinionsKilled,neutralMinionsKilledTeamJungle,neutralMinionsKilledEnemyJungle,totalDamageDealtToChampions,physicalDamageDealtToChampions,magicDamageDealtToChampions,totalHeal,totalDamageTaken,physicalDamageTaken,magicalDamageTaken,wardsPlaced,wardsKilled,visionWardsBoughtInGame
LCK,DK,2021-03-06,36.083333333333336,Top,Khan,14,1,1,1,11,12922,258,2,0,2,16494,9411,7082,8370,27227,18792,5683,16,7,10
LCK,DK,2021-03-06,36.083333333333336,Jungle,Canyon,876,1,5,2,8,14775,33,234,162,16,21817,458,15692,17269,35370,25411,9263,34,11,14
LCK,DK,2021-03-06,36.083333333333336,Mid,ShowMaker,236,1,6,1,8,15739,279,36,28,0,24037,21334,2634,3471,16274,10027,5404,21,20,9
LCK,DK,2021-03-06,36.083333333333336,Bot,Ghost,110,1,4,1,10,14260,288,16,8,0,30582,25081,5500,3144,11151,7950,3002,25,7,11
LCK,DK,2021-03-06,36.083333333333336,Support,BeryL,79,1,3,7,10,8912,36,0,0,0,10458,340,9079,8004,20814,14887,5425,62,21,29
LCK,AF,2021-03-06,36.083333333333336,Top,Kiin,75,0,3,6,2,12796,269,19,18,0,20422,9620,10802,1845,33124,21718,9271,16,5,11
LCK,AF,2021-03-06,36.083333333333336,Jungle,Dread,77,0,1,3,4,11586,70,185,129,8,5988,2083,2977,17863,35879,22969,11311,16,36,16
LCK,AF,2021-03-06,36.083333333333336,Mid,Fly,80,0,0,6,4,11146,244,4,1,0,11736,9071,2665,6886,28539,15944,10637,12,5,4
LCK,AF,2021-03-06,36.083333333333336,Bot,Bang,222,0,7,3,3,16718,326,24,22,1,33054,26667,2326,1093,19543,11952,6641,22,12,10
LCK,AF,2021-03-06,36.083333333333336,Support,Lehends,412,0,1,1,9,7906,47,0,0,0,4226,854,3372,4895,15359,10566,4661,66,14,23
