League,team,date,min,role,name,hero,win,kills,deaths,assists,goldEarned,totalMinionsKilled,neutralMinionsKilled,neutralMinionsKilledTeamJungle,neutralMinionsKilledEnemyJungle,totalDamageDealtToChampions,physicalDamageDealtToChampions,magicDamageDealtToChampions,totalHeal,totalDamageTaken,physicalDamageTaken,magicalDamageTaken,wardsPlaced,wardsKilled,visionWardsBoughtInGame
LCS,CLG,2021-02-27,40.583333333333336,Top,Finn,150,0,7,1,7,16296,302,35,12,4,26833,22793,4008,12822,34783,17526,12154,21,11,7
LCS,CLG,2021-02-27,40.583333333333336,Jungle,Broxah,59,0,0,4,14,10959,19,158,126,0,6918,6482,242,12620,32753,21690,7890,13,10,15
LCS,CLG,2021-02-27,40.583333333333336,Mid,Pobelter,268,0,0,5,7,14128,328,20,16,4,26240,1164,24844,3654,18479,9218,7203,18,9,8
LCS,CLG,2021-02-27,40.583333333333336,Bot,WildTurtle,145,0,8,4,9,17568,281,26,26,0,22737,14688,4901,6091,19066,11970,4170,25,9,4
LCS,CLG,2021-02-27,40.583333333333336,Support,Smoothie,147,0,2,1,15,9527,27,0,0,0,11021,1789,9215,8447,9544,6125,2494,70,17,23
LCS,100,2021-02-27,40.583333333333336,Top,Ssumday,79,1,4,3,6,15531,286,16,0,8,12454,899,10737,14543,28466,18097,8985,17,22,8
LCS,100,2021-02-27,40.583333333333336,Jungle,Closer,2,1,5,1,9,13804,36,185,118,18,17817,10236,126,25756,41776,26102,14860,9,8,10
LCS,100,2021-02-27,40.583333333333336,Mid,Damonte,142,1,1,3,9,14274,278,26,26,0,17652,851,15535,4481,15725,8356,6989,21,8,9
LCS,100,2021-02-27,40.583333333333336,Bot,FBI,523,1,4,5,6,19284,354,33,30,0,27992,23100,899,12185,23748,13226,10189,17,15,5
LCS,100,2021-02-27,40.583333333333336,Support,huhi,412,1,1,5,10,9821,48,4,0,0,4228,336,3241,2314,15794,10033,5047,67,27,23
