League,team,date,min,role,name,hero,win,kills,deaths,assists,goldEarned,totalMinionsKilled,neutralMinionsKilled,neutralMinionsKilledTeamJungle,neutralMinionsKilledEnemyJungle,totalDamageDealtToChampions,physicalDamageDealtToChampions,magicDamageDealtToChampions,totalHeal,totalDamageTaken,physicalDamageTaken,magicalDamageTaken,wardsPlaced,wardsKilled,visionWardsBoughtInGame
LCS,IMT,2021-02-14,30.716666666666665,Top,Revenge,164,1,4,1,11,13782,266,0,0,0,17978,10304,1144,5069,23455,15257,7880,17,6,9
LCS,IMT,2021-02-14,30.716666666666665,Jungle,Xerxe,876,1,7,0,10,14043,39,208,142,19,15317,630,8753,17310,24691,18249,6322,6,8,4
LCS,IMT,2021-02-14,30.716666666666665,Mid,Insanity,18,1,7,2,7,13752,235,16,11,0,18556,16605,1743,1032,14170,5175,8236,17,5,7
LCS,IMT,2021-02-14,30.716666666666665,Bot,Raes,147,1,0,0,9,11406,273,4,1,0,6515,1060,5454,8980,4682,3155,1448,12,6,4
LCS,IMT,2021-02-14,30.716666666666665,Support,Destiny,526,1,1,1,7,7212,38,0,0,0,3149,262,2525,458,7340,3746,3493,44,15,13
LCS,EG,2021-02-14,30.716666666666665,Top,Impact,79,0,2,6,2,10539,243,4,0,0,10647,1590,9056,9186,26713,14326,6751,12,6,3
LCS,EG,2021-02-14,30.716666666666665,Jungle,Svenskeren,104,0,0,4,3,8923,19,166,112,14,5139,4309,369,7062,18875,13483,4100,10,10,8
LCS,EG,2021-02-14,30.716666666666665,Mid,Jiizuke,7,0,1,4,2,10059,233,12,12,0,10552,893,9211,3438,16493,11649,3061,13,3,5
LCS,EG,2021-02-14,30.716666666666665,Bot,Deftly,145,0,1,2,0,11555,296,8,8,0,5281,3213,2068,1454,10803,5969,3190,15,6,5
LCS,EG,2021-02-14,30.716666666666665,Support,IgNar,12,0,0,3,2,5811,35,0,0,0,2805,337,2001,3833,14069,7451,3938,45,12,13
