League,team,date,min,role,name,hero,win,kills,deaths,assists,goldEarned,totalMinionsKilled,neutralMinionsKilled,neutralMinionsKilledTeamJungle,neutralMinionsKilledEnemyJungle,totalDamageDealtToChampions,physicalDamageDealtToChampions,magicDamageDealtToChampions,totalHeal,totalDamageTaken,physicalDamageTaken,magicalDamageTaken,wardsPlaced,wardsKilled,visionWardsBoughtInGame
LEC,VIT,2021-02-13,31.416666666666668,Top,Szygenda,79,0,0,3,2,8206,180,0,0,0,10253,1471,8782,7803,18406,9770,7376,15,1,5
LEC,VIT,2021-02-13,31.416666666666668,Jungle,Skeanz,2,0,1,3,2,8997,18,159,116,0,8394,4963,0,13864,27517,17846,7430,15,7,15
LEC,VIT,2021-02-13,31.416666666666668,Mid,Milica,268,0,1,2,3,11341,280,12,12,0,17353,1910,15442,480,11973,5391,5752,14,7,5
LEC,VIT,2021-02-13,31.416666666666668,Bot,Crownshot,145,0,3,4,1,13057,275,28,24,0,12060,8863,2201,3498,15647,10765,3933,29,13,3
LEC,VIT,2021-02-13,31.416666666666668,Support,Labrov,147,0,0,2,4,6281,15,0,0,0,3404,832,2571,5478,9412,3716,4913,36,8,14
LEC,SK,2021-02-13,31.416666666666668,Top,Jenax,58,1,3,0,5,13972,280,12,5,1,10626,9619,1007,9657,25788,13688,10426,10,8,1
LEC,SK,2021-02-13,31.416666666666668,Jungle,TynX,876,1,1,1,10,11707,33,186,142,3,12358,275,9104,11768,23482,15286,7915,4,6,3
LEC,SK,2021-02-13,31.416666666666668,Mid,Blue,13,1,2,2,5,14569,264,40,12,16,13516,251,13265,3300,15882,6497,7617,12,3,2
LEC,SK,2021-02-13,31.416666666666668,Bot,Jezu,67,1,7,1,6,13843,236,25,17,3,11178,8491,0,2940,12257,7165,4874,12,8,4
LEC,SK,2021-02-13,31.416666666666668,Support,Treatz,497,1,1,1,12,7773,33,0,0,0,4272,302,3575,4984,6633,2463,3682,41,6,14
