League,team,date,min,role,name,hero,win,kills,deaths,assists,goldEarned,totalMinionsKilled,neutralMinionsKilled,neutralMinionsKilledTeamJungle,neutralMinionsKilledEnemyJungle,totalDamageDealtToChampions,physicalDamageDealtToChampions,magicDamageDealtToChampions,totalHeal,totalDamageTaken,physicalDamageTaken,magicalDamageTaken,wardsPlaced,wardsKilled,visionWardsBoughtInGame
LCK,DK,2021-01-15,41.05,Top,Khan,150,1,0,4,9,15676,276,59,35,4,16804,13874,2299,8964,31109,16832,11897,25,8,14
LCK,DK,2021-01-15,41.05,Jungle,Canyon,2,1,1,3,15,14407,65,162,112,13,13449,8808,17,21617,37160,25862,7832,15,26,14
LCK,DK,2021-01-15,41.05,Mid,ShowMaker,142,1,6,2,9,18763,356,32,24,0,28573,1291,22611,9054,16451,9271,6520,14,13,3
LCK,DK,2021-01-15,41.05,Bot,Ghost,145,1,10,3,3,21673,348,52,39,2,17332,10676,4329,10678,19238,10672,7399,19,13,7
LCK,DK,2021-01-15,41.05,Support,BeryL,111,1,0,6,11,9851,55,1,0,0,4371,637,3055,763,14321,5015,7312,94,20,26
LCK,T1,2021-01-15,41.05,Top,Canna,164,0,1,4,8,15883,321,44,32,0,11188,6218,712,14472,36758,24056,8687,9,3,3
LCK,T1,2021-01-15,41.05,Jungle,Ellim,876,0,1,3,15,11612,36,148,111,3,11020,394,6934,15393,29199,19637,7426,22,17,20
LCK,T1,2021-01-15,41.05,Mid,Faker,268,0,6,4,4,15335,274,31,16,3,23559,109,23312,1484,17875,9236,6683,22,8,9
LCK,T1,2021-01-15,41.05,Bot,Gumayusi,360,0,10,2,6,21544,427,40,36,0,21088,18365,2051,7097,21829,12093,7870,19,21,9
LCK,T1,2021-01-15,41.05,Support,Keria,526,0,0,4,11,8572,50,0,0,0,4434,188,3339,2097,18812,9599,6251,77,21,31
