League,team,date,min,role,name,hero,win,kills,deaths,assists,goldEarned,totalMinionsKilled,neutralMinionsKilled,neutralMinionsKilledTeamJungle,neutralMinionsKilledEnemyJungle,totalDamageDealtToChampions,physicalDamageDealtToChampions,magicDamageDealtToChampions,totalHeal,totalDamageTaken,physicalDamageTaken,magicalDamageTaken,wardsPlaced,wardsKilled,visionWardsBoughtInGame
LEC,S04,2021-02-05,33.016666666666666,Top,BrokenBlade,164,1,1,3,8,11372,219,14,5,6,11408,8505,534,6422,24450,16770,6684,12,3,4
LEC,S04,2021-02-05,33.016666666666666,Jungle,Gilius,59,1,1,3,12,10704,23,146,89,6,5071,4361,368,14749,32252,24763,6708,31,16,9
LEC,S04,2021-02-05,33.016666666666666,Mid,Abbedagge,61,1,4,0,9,15253,320,17,16,0,15091,674,14266,889,6502,4608,1880,15,5,4
LEC,S04,2021-02-05,33.016666666666666,Bot,Neon,145,1,7,1,5,15934,298,17,11,4,13791,8736,3219,5426,11054,8427,2280,14,12,8
LEC,S04,2021-02-05,33.016666666666666,Support,LIMIT,526,1,2,2,9,8340,48,0,0,0,3026,238,2384,1323,14034,7108,6535,59,16,19
LEC,RGE,2021-02-05,33.016666666666666,Top,Odoamne,98,0,1,2,5,10882,244,4,1,0,9780,4367,5051,3948,18615,11928,3726,10,7,3
LEC,RGE,2021-02-05,33.016666666666666,Jungle,Inspired,163,0,3,3,4,11367,16,209,132,18,11849,705,10437,8841,19735,13049,6219,8,8,7
LEC,RGE,2021-02-05,33.016666666666666,Mid,Larssen,236,0,2,2,2,13233,298,18,13,4,12833,11455,1005,1479,10418,6506,3543,12,8,3
LEC,RGE,2021-02-05,33.016666666666666,Bot,Hans,498,0,3,3,3,13662,292,20,19,1,14683,13709,843,2126,12672,7910,3844,14,8,5
LEC,RGE,2021-02-05,33.016666666666666,Support,Trymbi,497,0,0,5,5,7073,43,0,0,0,5944,763,4222,1609,11447,5088,5971,53,20,18
