League,team,date,min,role,name,hero,win,kills,deaths,assists,goldEarned,totalMinionsKilled,neutralMinionsKilled,neutralMinionsKilledTeamJungle,neutralMinionsKilledEnemyJungle,totalDamageDealtToChampions,physicalDamageDealtToChampions,magicDamageDealtToChampions,totalHeal,totalDamageTaken,physicalDamageTaken,magicalDamageTaken,wardsPlaced,wardsKilled,visionWardsBoughtInGame
LEC,XL,2021-02-26,30.683333333333334,Top,Kryze,58,0,1,3,1,10607,257,8,4,0,12038,11323,715,7325,29144,15314,13063,12,2,4
LEC,XL,2021-02-26,30.683333333333334,Jungle,Dan,36,0,1,3,0,9093,23,160,126,0,11515,1593,8713,23809,28240,19006,8550,9,10,10
LEC,XL,2021-02-26,30.683333333333334,Mid,Czekolad,112,0,0,3,1,10871,273,13,9,0,18123,138,17984,773,10840,5705,4582,13,3,5
LEC,XL,2021-02-26,30.683333333333334,Bot,Patrik,235,0,0,3,1,7634,47,4,4,0,14439,13355,0,11123,14377,8874,5259,28,13,7
LEC,XL,2021-02-26,30.683333333333334,Support,Tore,223,0,0,4,2,8857,191,0,0,0,3722,355,3367,3086,18974,9867,8452,9,6,9
LEC,MSF,2021-02-26,30.683333333333334,Top,HiRit,79,1,1,1,3,10958,247,4,0,0,13687,2992,10694,18248,28869,18793,9102,9,3,5
LEC,MSF,2021-02-26,30.683333333333334,Jungle,Razork,104,1,4,0,7,12396,30,204,119,28,19444,16805,1064,11775,26307,14997,10279,7,8,6
LEC,MSF,2021-02-26,30.683333333333334,Mid,Vetheo,61,1,4,0,7,14620,290,26,13,11,14447,542,13905,4418,10432,3263,7029,8,6,2
LEC,MSF,2021-02-26,30.683333333333334,Bot,Kobbe,81,1,5,0,7,13580,246,17,11,0,21008,14604,5445,6633,16048,11720,3179,16,6,5
LEC,MSF,2021-02-26,30.683333333333334,Support,Vander,147,1,2,1,8,8207,17,0,0,0,8237,1167,6701,6583,8726,6057,2668,45,2,11
