League,team,date,min,role,name,hero,win,kills,deaths,assists,goldEarned,totalMinionsKilled,neutralMinionsKilled,neutralMinionsKilledTeamJungle,neutralMinionsKilledEnemyJungle,totalDamageDealtToChampions,physicalDamageDealtToChampions,magicDamageDealtToChampions,totalHeal,totalDamageTaken,physicalDamageTaken,magicalDamageTaken,wardsPlaced,wardsKilled,visionWardsBoughtInGame
LCK,DRX,2021-03-07,34.96666666666667,Top,Kingen,79,1,4,1,10,13618,239,10,1,4,17154,2077,15076,19845,38559,19859,16141,7,3,3
LCK,DRX,2021-03-07,34.96666666666667,Jungle,Pyosik,203,1,4,4,8,13371,45,183,117,19,18608,11474,4283,14187,24558,15479,8094,9,19,7
LCK,DRX,2021-03-07,34.96666666666667,Mid,SOLKA,61,1,3,4,13,15264,310,32,24,0,24357,786,23240,1533,15475,9598,4975,19,4,9
LCK,DRX,2021-03-07,34.96666666666667,Bot,BAO,145,1,6,3,7,14834,309,20,20,0,21263,12525,4975,4573,16858,12407,4024,15,10,3
LCK,DRX,2021-03-07,34.96666666666667,Support,Becca,12,1,2,2,9,8372,47,0,0,0,4254,280,3571,10324,17438,11053,6033,64,18,21
LCK,BRO,2021-03-07,34.96666666666667,Top,Hoya,14,0,4,3,4,12021,234,12,3,0,13343,8013,5330,4777,30353,10022,16689,15,5,13
LCK,BRO,2021-03-07,34.96666666666667,Jungle,UmTi,120,0,2,4,11,11268,25,184,122,9,12956,8406,3708,17086,38210,25301,11110,18,13,17
LCK,BRO,2021-03-07,34.96666666666667,Mid,Yaharong,142,0,2,3,7,12898,269,12,12,0,24662,1556,21233,2976,16432,5303,10836,13,5,4
LCK,BRO,2021-03-07,34.96666666666667,Bot,Hena,222,0,5,5,5,15496,341,27,23,0,19603,16764,1301,2288,13928,5185,8299,18,29,8
LCK,BRO,2021-03-07,34.96666666666667,Support,Delight,526,0,1,4,9,8066,37,0,0,0,5470,287,4213,1264,13577,5848,6559,51,12,20
