League,team,date,min,role,name,hero,win,kills,deaths,assists,goldEarned,totalMinionsKilled,neutralMinionsKilled,neutralMinionsKilledTeamJungle,neutralMinionsKilledEnemyJungle,totalDamageDealtToChampions,physicalDamageDealtToChampions,magicDamageDealtToChampions,totalHeal,totalDamageTaken,physicalDamageTaken,magicalDamageTaken,wardsPlaced,wardsKilled,visionWardsBoughtInGame
LCK,T1,2021-01-21,37.416666666666664,Top,Canna,79,1,2,2,3,15116,307,28,17,0,18014,842,17171,11205,19955,13368,4958,23,7,10
LCK,T1,2021-01-21,37.416666666666664,Jungle,Ellim,80,1,1,2,4,11172,41,165,107,19,6722,5836,545,14456,29726,19961,8576,38,19,17
LCK,T1,2021-01-21,37.416666666666664,Mid,Faker,142,1,1,1,6,13120,253,33,21,4,12699,1067,11006,3976,12469,5573,5987,17,14,4
LCK,T1,2021-01-21,37.416666666666664,Bot,Gumayusi,523,1,9,1,2,20718,418,41,26,7,22976,18560,1105,7398,15012,7868,5483,16,33,5
LCK,T1,2021-01-21,37.416666666666664,Support,Keria,412,1,0,2,11,8970,47,0,0,0,2320,384,1935,2229,13550,6766,6252,64,20,17
LCK,GEN,2021-01-21,37.416666666666664,Top,Rascal,164,0,1,2,3,15933,314,33,16,8,13155,8903,962,13903,32458,18578,12515,8,10,4
LCK,GEN,2021-01-21,37.416666666666664,Jungle,Clid,76,0,3,1,3,11826,38,179,126,12,11198,745,10452,21312,25327,17600,7574,53,35,14
LCK,GEN,2021-01-21,37.416666666666664,Mid,Bdd,134,0,1,2,4,12260,259,8,8,0,11901,828,11072,1882,11501,4848,5723,16,9,3
LCK,GEN,2021-01-21,37.416666666666664,Bot,Ruler,145,0,3,4,1,15288,336,45,41,4,13681,8300,3385,4849,21583,13510,7234,33,19,6
LCK,GEN,2021-01-21,37.416666666666664,Support,Life,526,0,0,4,4,7426,33,0,0,0,2541,85,1823,2127,14058,8388,4679,73,10,26
