League,team,date,min,role,name,hero,win,kills,deaths,assists,goldEarned,totalMinionsKilled,neutralMinionsKilled,neutralMinionsKilledTeamJungle,neutralMinionsKilledEnemyJungle,totalDamageDealtToChampions,physicalDamageDealtToChampions,magicDamageDealtToChampions,totalHeal,totalDamageTaken,physicalDamageTaken,magicalDamageTaken,wardsPlaced,wardsKilled,visionWardsBoughtInGame
LCK,T1,2021-01-13,30.016666666666666,Top,Canna,58,1,3,3,6,13393,232,35,7,4,10290,8848,1382,10213,30921,20599,9629,10,4,4
LCK,T1,2021-01-13,30.016666666666666,Jungle,Ellim,163,1,5,3,7,12250,43,162,72,39,13298,718,11442,10957,18584,11980,6334,15,16,14
LCK,T1,2021-01-13,30.016666666666666,Mid,Clozer,39,1,3,2,9,14271,272,19,12,3,10704,6620,4083,7941,24775,14137,10250,11,2,3
LCK,T1,2021-01-13,30.016666666666666,Bot,Gumayusi,360,1,12,2,7,17120,257,28,20,1,16738,14266,1903,8632,20452,12205,7580,11,14,4
LCK,T1,2021-01-13,30.016666666666666,Support,Keria,57,1,1,6,14,8190,40,0,0,0,16958,483,15723,4420,17842,9692,7583,47,11,19
LCK,HLE,2021-01-13,30.016666666666666,Top,Morgan,516,0,0,3,6,9139,201,1,1,0,10038,3741,6296,2267,18992,10650,8046,10,8,9
LCK,HLE,2021-01-13,30.016666666666666,Jungle,Arthur,104,0,8,4,5,10947,62,105,80,16,12703,10919,933,4380,16212,7669,8017,5,13,8
LCK,HLE,2021-01-13,30.016666666666666,Mid,Chovy,112,0,5,4,7,12602,221,14,11,0,24613,834,23658,1500,12904,7345,5376,19,11,8
LCK,HLE,2021-01-13,30.016666666666666,Bot,Deft,145,0,2,6,7,11891,262,23,22,0,16068,9812,5080,4668,18330,11422,6157,22,10,4
LCK,HLE,2021-01-13,30.016666666666666,Support,Vsta,526,0,1,7,10,6472,25,0,0,0,3797,341,3017,1949,16241,7457,8021,46,6,17
