League,team,date,min,role,name,hero,win,kills,deaths,assists,goldEarned,totalMinionsKilled,neutralMinionsKilled,neutralMinionsKilledTeamJungle,neutralMinionsKilledEnemyJungle,totalDamageDealtToChampions,physicalDamageDealtToChampions,magicDamageDealtToChampions,totalHeal,totalDamageTaken,physicalDamageTaken,magicalDamageTaken,wardsPlaced,wardsKilled,visionWardsBoughtInGame
LCS,FLY,2021-03-06,23.833333333333332,Top,Licorice,14,0,2,2,1,7784,189,0,0,0,9959,5935,4023,768,15937,9842,3262,12,3,5
LCS,FLY,2021-03-06,23.833333333333332,Jungle,Josedeodo,120,0,1,3,1,7524,19,131,115,0,3827,2758,985,11004,21166,14208,6159,5,5,4
LCS,FLY,2021-03-06,23.833333333333332,Mid,Palafox,268,0,0,3,1,7639,204,4,4,0,6531,576,5954,632,7970,5393,1899,10,2,3
LCS,FLY,2021-03-06,23.833333333333332,Bot,Johnsun,67,0,0,3,3,7814,194,1,0,0,6056,3973,0,2288,7031,4158,2467,10,6,5
LCS,FLY,2021-03-06,23.833333333333332,Support,Diamond,526,0,1,3,1,4971,29,0,0,0,2299,268,1374,424,6258,2447,2275,27,8,6
LCS,C9,2021-03-06,23.833333333333332,Top,Fudge,164,1,3,0,2,11365,245,4,0,1,9874,6113,552,3732,14383,10782,2887,11,4,6
LCS,C9,2021-03-06,23.833333333333332,Jungle,Blaber,876,1,0,0,8,10009,34,193,114,22,7037,487,4008,12618,23292,18965,4327,7,8,6
LCS,C9,2021-03-06,23.833333333333332,Mid,Perkz,39,1,5,3,3,11006,204,18,9,1,8842,5602,3239,5415,19343,11495,6848,10,5,3
LCS,C9,2021-03-06,23.833333333333332,Bot,Zven,145,1,5,0,5,12922,240,18,8,4,8056,5321,2670,3350,6810,5248,1519,10,5,4
LCS,C9,2021-03-06,23.833333333333332,Support,Vulcan,12,1,1,1,7,6351,26,0,0,0,2777,453,1887,3200,7369,5252,1049,29,7,14
