League,team,date,min,role,name,hero,win,kills,deaths,assists,goldEarned,totalMinionsKilled,neutralMinionsKilled,neutralMinionsKilledTeamJungle,neutralMinionsKilledEnemyJungle,totalDamageDealtToChampions,physicalDamageDealtToChampions,magicDamageDealtToChampions,totalHeal,totalDamageTaken,physicalDamageTaken,magicalDamageTaken,wardsPlaced,wardsKilled,visionWardsBoughtInGame
LEC,SK,2021-01-23,30.766666666666666,Top,Jenax,79,0,1,3,3,9593,189,10,3,0,8034,685,7349,8939,19939,10527,8328,15,5,7
LEC,SK,2021-01-23,30.766666666666666,Jungle,TynX,120,0,1,2,2,10215,14,162,117,8,6272,4037,1823,15538,28623,19344,8707,9,6,9
LEC,SK,2021-01-23,30.766666666666666,Mid,Blue,517,0,2,0,3,11378,263,12,8,1,7459,1145,6314,7384,17420,9344,7637,7,5,5
LEC,SK,2021-01-23,30.766666666666666,Bot,Jezu,21,0,3,2,2,11473,263,8,8,0,13059,11361,1614,3708,14517,9961,4488,9,9,2
LEC,SK,2021-01-23,30.766666666666666,Support,Treatz,89,0,1,4,4,6371,33,0,0,0,3172,645,2526,914,13871,8169,5058,45,9,13
LEC,G2,2021-01-23,30.766666666666666,Top,Wunder,427,1,1,2,7,9674,190,0,0,0,12001,3113,8652,6281,12344,7028,5241,14,1,4
LEC,G2,2021-01-23,30.766666666666666,Jungle,Jankos,104,1,6,0,5,13238,37,219,133,37,14928,12242,1293,9899,17728,12730,4998,7,7,7
LEC,G2,2021-01-23,30.766666666666666,Mid,Caps,4,1,1,2,10,12485,222,29,15,4,18048,1575,16089,4347,14778,7916,6525,10,6,7
LEC,G2,2021-01-23,30.766666666666666,Bot,Rekkles,202,1,3,0,6,12926,288,10,6,0,12731,11512,900,3872,5543,3682,1861,10,8,4
LEC,G2,2021-01-23,30.766666666666666,Support,Mikyx,412,1,0,4,9,7079,39,2,2,0,5260,489,4295,1708,12669,8811,3775,55,15,22
