League,team,date,min,role,name,hero,win,kills,deaths,assists,goldEarned,totalMinionsKilled,neutralMinionsKilled,neutralMinionsKilledTeamJungle,neutralMinionsKilledEnemyJungle,totalDamageDealtToChampions,physicalDamageDealtToChampions,magicDamageDealtToChampions,totalHeal,totalDamageTaken,physicalDamageTaken,magicalDamageTaken,wardsPlaced,wardsKilled,visionWardsBoughtInGame
LEC,FNC,2021-01-23,27.833333333333332,Top,Bwipo,106,0,1,5,6,8934,198,16,12,0,10378,6515,3862,2562,19219,12939,5796,11,4,4
LEC,FNC,2021-01-23,27.833333333333332,Jungle,Selfmade,104,0,6,4,3,11023,17,175,132,9,14569,13039,581,5768,19812,12280,6916,8,10,9
LEC,FNC,2021-01-23,27.833333333333332,Mid,Nisqy,3,0,1,6,7,8133,184,1,0,1,13612,50,13561,1003,20503,13974,6037,13,2,2
LEC,FNC,2021-01-23,27.833333333333332,Bot,Upset,523,0,2,3,6,10058,220,8,8,0,15430,12953,625,1803,10687,5624,4993,11,10,4
LEC,FNC,2021-01-23,27.833333333333332,Support,Hylissang,201,0,0,6,9,5875,33,4,0,0,5183,533,3944,1064,17218,8710,7812,32,9,12
LEC,RGE,2021-01-23,27.833333333333332,Top,Odoamne,58,1,3,1,13,12076,233,4,0,0,12810,11953,856,12011,25995,19427,5825,12,7,4
LEC,RGE,2021-01-23,27.833333333333332,Jungle,Inspired,80,1,6,4,9,11138,30,134,95,1,10214,8789,516,11887,29565,19765,9225,19,6,8
LEC,RGE,2021-01-23,27.833333333333332,Mid,Larssen,4,1,6,0,13,12811,202,8,8,0,23830,3499,20096,3850,11201,7172,3640,11,3,2
LEC,RGE,2021-01-23,27.833333333333332,Bot,Hans,145,1,8,2,13,14700,231,26,18,3,21261,16346,4305,6293,11872,7484,3420,22,9,5
LEC,RGE,2021-01-23,27.833333333333332,Support,Trymbi,497,1,1,3,19,7774,37,0,0,0,4698,735,3359,2773,10247,5651,3760,34,15,12
