League,team,date,min,role,name,hero,win,kills,deaths,assists,goldEarned,totalMinionsKilled,neutralMinionsKilled,neutralMinionsKilledTeamJungle,neutralMinionsKilledEnemyJungle,totalDamageDealtToChampions,physicalDamageDealtToChampions,magicDamageDealtToChampions,totalHeal,totalDamageTaken,physicalDamageTaken,magicalDamageTaken,wardsPlaced,wardsKilled,visionWardsBoughtInGame
LEC,S04,2021-02-13,30.883333333333333,Top,BrokenBlade,150,0,2,5,5,11471,240,12,3,4,12633,10402,2230,2735,24542,16543,6819,17,9,7
LEC,S04,2021-02-13,30.883333333333333,Jungle,Gilius,59,0,0,6,7,9124,21,133,88,20,6116,5328,476,9981,32360,21698,8949,25,15,7
LEC,S04,2021-02-13,30.883333333333333,Mid,Abbedagge,112,0,1,5,2,11449,264,18,11,0,15752,324,15428,70,11553,6912,4249,15,3,5
LEC,S04,2021-02-13,30.883333333333333,Bot,Neon,145,0,6,4,1,13116,243,26,22,4,16413,10996,3377,4988,14985,11634,2522,13,13,7
LEC,S04,2021-02-13,30.883333333333333,Support,LIMIT,12,0,1,5,7,6848,30,0,0,0,4809,220,3978,6422,21473,13490,5171,49,4,14
LEC,MAD,2021-02-13,30.883333333333333,Top,Armut,126,1,8,2,12,15014,235,16,5,8,25155,21099,3951,4534,15076,10259,4360,18,11,7
LEC,MAD,2021-02-13,30.883333333333333,Jungle,Elyoya,2,1,6,2,10,11520,25,142,76,14,15783,10399,0,16665,31562,21644,7827,13,11,11
LEC,MAD,2021-02-13,30.883333333333333,Mid,Humanoid,61,1,2,1,14,14922,285,49,33,3,13162,753,12408,1683,10023,5130,4835,10,9,3
LEC,MAD,2021-02-13,30.883333333333333,Bot,Carzzy,360,1,9,3,8,14136,226,24,16,8,17980,15495,1869,3945,15649,8697,6071,11,9,3
LEC,MAD,2021-02-13,30.883333333333333,Support,Kaiser,526,1,0,2,15,7882,29,0,0,0,7337,536,5981,1827,10529,5063,4990,55,9,14
