League,team,date,min,role,name,hero,win,kills,deaths,assists,goldEarned,totalMinionsKilled,neutralMinionsKilled,neutralMinionsKilledTeamJungle,neutralMinionsKilledEnemyJungle,totalDamageDealtToChampions,physicalDamageDealtToChampions,magicDamageDealtToChampions,totalHeal,totalDamageTaken,physicalDamageTaken,magicalDamageTaken,wardsPlaced,wardsKilled,visionWardsBoughtInGame
LCK,KT,2021-01-22,33.35,Top,Doran,150,1,3,3,9,14008,266,15,3,8,25255,20940,4125,11011,38769,14579,22293,16,5,6
LCK,KT,2021-01-22,33.35,Jungle,Blank,163,1,3,4,7,11412,22,176,97,15,12031,543,11195,10940,21486,15030,6341,46,13,18
LCK,KT,2021-01-22,33.35,Mid,Ucal,61,1,0,4,8,13336,269,28,17,8,13017,924,12093,1805,16361,8626,6939,16,3,5
LCK,KT,2021-01-22,33.35,Bot,HyBriD,360,1,11,1,0,18159,332,32,32,0,14473,13130,1026,5310,17131,13720,3347,12,12,4
LCK,KT,2021-01-22,33.35,Support,Zzus,12,1,1,2,11,8280,34,4,4,0,4277,457,3109,8892,15433,8798,6401,59,15,20
LCK,HLE,2021-01-22,33.35,Top,DuDu,84,0,1,5,4,11140,251,0,0,0,22138,3171,18407,11065,26167,19015,6588,13,5,3
LCK,HLE,2021-01-22,33.35,Jungle,Arthur,120,0,2,6,4,9585,16,145,102,12,7700,5396,1500,15350,33515,20846,12342,13,10,12
LCK,HLE,2021-01-22,33.35,Mid,Chovy,4,0,6,1,6,15886,319,12,5,0,21411,2275,18755,3623,15366,7341,7903,10,15,4
LCK,HLE,2021-01-22,33.35,Bot,Deft,202,0,4,3,2,13320,281,16,16,0,16074,14715,1303,1822,13409,11456,1679,14,12,6
LCK,HLE,2021-01-22,33.35,Support,Vsta,98,0,1,3,7,7430,49,0,0,0,4601,2635,1662,831,11526,5406,5896,88,21,22
