League,team,date,min,role,name,hero,win,kills,deaths,assists,goldEarned,totalMinionsKilled,neutralMinionsKilled,neutralMinionsKilledTeamJungle,neutralMinionsKilledEnemyJungle,totalDamageDealtToChampions,physicalDamageDealtToChampions,magicDamageDealtToChampions,totalHeal,totalDamageTaken,physicalDamageTaken,magicalDamageTaken,wardsPlaced,wardsKilled,visionWardsBoughtInGame
LCK,LSB,2021-02-21,37.333333333333336,Top,Summit,164,0,3,5,2,14226,279,19,0,8,20948,12744,1436,10824,34062,19410,12844,11,9,9
LCK,LSB,2021-02-21,37.333333333333336,Jungle,OnFleek,77,0,0,1,5,11649,67,165,110,16,4106,1704,1801,9105,19395,12355,5979,16,32,15
LCK,LSB,2021-02-21,37.333333333333336,Mid,FATE,268,0,5,2,1,15220,303,36,32,4,12332,246,12022,1581,10370,6771,3080,23,9,13
LCK,LSB,2021-02-21,37.333333333333336,Bot,Prince,145,0,1,3,1,14830,323,41,41,0,6287,4189,1748,4321,17193,14489,2138,18,14,7
LCK,LSB,2021-02-21,37.333333333333336,Support,Effort,12,0,0,6,3,7328,31,1,0,0,3700,113,2940,2895,18293,10708,5092,63,12,20
LCK,T1,2021-02-21,37.333333333333336,Top,Zeus,79,1,4,1,6,14941,277,0,0,0,15795,2235,12704,15978,25293,17725,4015,11,8,6
LCK,T1,2021-02-21,37.333333333333336,Jungle,Oner,104,1,4,3,7,14241,79,160,113,0,15915,12636,1554,7291,17109,10041,4691,9,15,7
LCK,T1,2021-02-21,37.333333333333336,Mid,Clozer,134,1,2,4,3,13433,263,16,11,0,9290,689,8483,1618,13188,4836,6509,17,2,6
LCK,T1,2021-02-21,37.333333333333336,Bot,Teddy,523,1,6,0,6,17580,311,57,45,4,20314,16447,526,5444,8797,5768,2580,18,18,5
LCK,T1,2021-02-21,37.333333333333336,Support,Keria,412,1,1,1,11,9281,41,0,0,0,4256,626,3224,1474,8677,4973,3495,79,16,28
