League,team,date,min,role,name,hero,win,kills,deaths,assists,goldEarned,totalMinionsKilled,neutralMinionsKilled,neutralMinionsKilledTeamJungle,neutralMinionsKilledEnemyJungle,totalDamageDealtToChampions,physicalDamageDealtToChampions,magicDamageDealtToChampions,totalHeal,totalDamageTaken,physicalDamageTaken,magicalDamageTaken,wardsPlaced,wardsKilled,visionWardsBoughtInGame
LCK,BRO,2021-01-17,40.333333333333336,Top,Hoya,150,0,2,1,6,13374,266,9,2,0,14920,13138,1782,5075,27141,14043,12297,25,10,15
LCK,BRO,2021-01-17,40.333333333333336,Jungle,UmTi,80,0,4,5,6,11494,26,138,94,19,17531,14589,2102,17343,40272,22905,16495,33,20,16
LCK,BRO,2021-01-17,40.333333333333336,Mid,Lava,42,0,2,4,8,17685,368,47,40,0,27174,2805,24369,2956,19474,9058,9914,11,12,5
LCK,BRO,2021-01-17,40.333333333333336,Bot,Hena,523,0,4,3,7,19379,436,40,34,1,22307,19122,783,3496,17470,4869,12165,18,20,6
LCK,BRO,2021-01-17,40.333333333333336,Support,Delight,412,0,1,6,9,8337,37,0,0,0,2330,226,2104,1105,16834,7450,8510,67,16,23
LCK,AF,2021-01-17,40.333333333333336,Top,Kiin,85,1,2,4,9,15588,292,8,0,0,23597,2594,20853,4442,19325,11742,6573,16,11,11
LCK,AF,2021-01-17,40.333333333333336,Jungle,Dread,2,1,5,3,5,14157,67,162,73,34,11871,9576,254,23506,49822,35373,12059,17,29,14
LCK,AF,2021-01-17,40.333333333333336,Mid,Fly,134,1,1,3,10,15580,292,24,16,8,20597,540,19746,1701,15283,9388,5769,21,10,12
LCK,AF,2021-01-17,40.333333333333336,Bot,Bang,145,1,9,1,7,20502,327,57,32,8,26474,17758,7884,11718,23346,16407,6472,55,20,9
LCK,AF,2021-01-17,40.333333333333336,Support,Lehends,147,1,2,2,15,11709,50,8,4,0,8779,847,7782,23174,16994,12094,4652,61,19,20
