League,team,date,min,role,name,hero,win,kills,deaths,assists,goldEarned,totalMinionsKilled,neutralMinionsKilled,neutralMinionsKilledTeamJungle,neutralMinionsKilledEnemyJungle,totalDamageDealtToChampions,physicalDamageDealtToChampions,magicDamageDealtToChampions,totalHeal,totalDamageTaken,physicalDamageTaken,magicalDamageTaken,wardsPlaced,wardsKilled,visionWardsBoughtInGame
LCS,100,2021-03-06,30.583333333333332,Top,Ssumday,150,0,3,2,3,10358,212,15,11,0,10104,7964,1943,5588,21352,13178,5893,16,11,7
LCS,100,2021-03-06,30.583333333333332,Jungle,Closer,876,0,0,4,3,8681,28,155,122,0,10237,71,7958,11195,24802,18763,5159,24,5,9
LCS,100,2021-03-06,30.583333333333332,Mid,ry0ma,268,0,1,4,4,9975,229,5,5,0,13645,767,12878,3703,15392,10549,4054,14,9,6
LCS,100,2021-03-06,30.583333333333332,Bot,FBI,429,0,2,1,3,11236,268,8,5,0,12888,12403,485,3010,8188,6139,1726,16,16,7
LCS,100,2021-03-06,30.583333333333332,Support,huhi,412,0,0,5,4,6047,31,0,0,0,3325,339,2732,1367,14351,8225,4655,40,7,16
LCS,TSM,2021-03-06,30.583333333333332,Top,Huni,126,1,1,1,9,12013,225,36,20,4,19231,16520,2711,3462,10675,7263,2998,13,4,3
LCS,TSM,2021-03-06,30.583333333333332,Jungle,Spica,2,1,4,2,6,10716,30,159,105,20,9514,6199,12,15160,31521,18218,11952,15,13,13
LCS,TSM,2021-03-06,30.583333333333332,Mid,PowerOfEvil,147,1,4,2,8,11889,238,8,4,4,10809,1099,9710,8167,9122,3881,4767,14,5,5
LCS,TSM,2021-03-06,30.583333333333332,Bot,Lost,18,1,6,0,3,13450,257,20,8,4,13275,9527,1881,4454,9657,6479,2876,13,22,3
LCS,TSM,2021-03-06,30.583333333333332,Support,SwordArt,12,1,1,1,12,7517,35,0,0,0,5022,270,4179,7815,12005,5853,6031,50,12,18
