League,team,date,min,role,name,hero,win,kills,deaths,assists,goldEarned,totalMinionsKilled,neutralMinionsKilled,neutralMinionsKilledTeamJungle,neutralMinionsKilledEnemyJungle,totalDamageDealtToChampions,physicalDamageDealtToChampions,magicDamageDealtToChampions,totalHeal,totalDamageTaken,physicalDamageTaken,magicalDamageTaken,wardsPlaced,wardsKilled,visionWardsBoughtInGame
LCK,HLE,2021-01-24,33.61666666666667,Top,Morgan,150,1,5,3,7,14049,253,7,5,0,16589,11207,5381,6683,19635,14525,2290,11,12,6
LCK,HLE,2021-01-24,33.61666666666667,Jungle,Arthur,876,1,8,2,9,14421,41,216,111,40,11900,1170,7489,13665,25189,19748,4849,9,10,12
LCK,HLE,2021-01-24,33.61666666666667,Mid,Chovy,777,1,11,1,8,18708,324,42,13,9,28913,16842,7092,4439,11137,7194,2007,7,19,4
LCK,HLE,2021-01-24,33.61666666666667,Bot,Deft,145,1,1,3,10,15758,326,46,21,24,13152,7932,3775,5638,13264,10617,514,31,14,2
LCK,HLE,2021-01-24,33.61666666666667,Support,Vsta,526,1,2,1,12,8991,51,0,0,0,5887,726,4474,604,3842,2345,999,59,19,21
LCK,GEN,2021-01-24,33.61666666666667,Top,Rascal,164,0,2,6,2,13150,266,19,18,0,12181,8841,745,7791,30105,17625,9620,14,8,9
LCK,GEN,2021-01-24,33.61666666666667,Jungle,Clid,2,0,4,9,1,10847,38,126,91,8,10904,8199,0,13868,34897,22341,8986,11,17,11
LCK,GEN,2021-01-24,33.61666666666667,Mid,Bdd,134,0,2,5,1,11914,285,4,4,0,6014,753,5190,1233,11098,5549,4347,13,4,2
LCK,GEN,2021-01-24,33.61666666666667,Bot,Ruler,202,0,0,4,6,13749,337,21,13,0,3398,3217,180,2114,13064,8283,3401,20,15,11
LCK,GEN,2021-01-24,33.61666666666667,Support,Life,875,0,2,3,3,7774,45,0,0,0,4891,2284,0,1055,13021,7026,4654,71,16,16
