League,team,date,min,role,name,hero,win,kills,deaths,assists,goldEarned,totalMinionsKilled,neutralMinionsKilled,neutralMinionsKilledTeamJungle,neutralMinionsKilledEnemyJungle,totalDamageDealtToChampions,physicalDamageDealtToChampions,magicDamageDealtToChampions,totalHeal,totalDamageTaken,physicalDamageTaken,magicalDamageTaken,wardsPlaced,wardsKilled,visionWardsBoughtInGame
LCK,KT,2021-02-26,29.716666666666665,Top,Doran,150,0,1,3,1,10623,256,13,5,1,8223,7150,1073,4546,17371,11091,5726,16,11,8
LCK,KT,2021-02-26,29.716666666666665,Jungle,GIDEON,104,0,2,3,2,8994,25,142,99,5,4709,4019,308,5670,15342,7365,7596,9,14,9
LCK,KT,2021-02-26,29.716666666666665,Mid,Ucal,142,0,1,0,4,11109,295,8,8,0,9320,1241,7565,2742,9083,3852,5026,18,14,11
LCK,KT,2021-02-26,29.716666666666665,Bot,HyBriD,360,0,2,2,3,10279,225,9,9,0,6709,6118,394,3385,13554,8541,4568,11,13,4
LCK,KT,2021-02-26,29.716666666666665,Support,Zzus,12,0,0,4,3,5990,38,0,0,0,1807,163,1437,3992,12741,3333,9245,47,15,20
LCK,AF,2021-02-26,29.716666666666665,Top,Kiin,39,1,4,0,5,14005,247,52,31,5,9523,6683,2615,6271,18084,13485,4335,11,2,6
LCK,AF,2021-02-26,29.716666666666665,Jungle,Dread,76,1,2,2,8,11395,33,164,86,35,10450,750,9548,17429,24723,20323,4005,12,24,11
LCK,AF,2021-02-26,29.716666666666665,Mid,Fly,134,1,2,1,6,12461,259,12,1,9,11819,663,11098,1445,6213,3406,2733,14,3,6
LCK,AF,2021-02-26,29.716666666666665,Bot,Bang,145,1,4,0,4,14323,287,14,8,6,12041,8089,2944,3748,6960,5401,1558,37,18,6
LCK,AF,2021-02-26,29.716666666666665,Support,Lehends,3,1,0,3,5,6806,27,1,0,1,3893,0,3589,755,10735,8190,981,57,4,21
