League,team,date,min,role,name,hero,win,kills,deaths,assists,goldEarned,totalMinionsKilled,neutralMinionsKilled,neutralMinionsKilledTeamJungle,neutralMinionsKilledEnemyJungle,totalDamageDealtToChampions,physicalDamageDealtToChampions,magicDamageDealtToChampions,totalHeal,totalDamageTaken,physicalDamageTaken,magicalDamageTaken,wardsPlaced,wardsKilled,visionWardsBoughtInGame
LCK,KT,2021-02-06,42.95,Top,Doran,39,1,5,4,9,19376,369,28,7,8,23326,15392,7934,11208,36185,26372,9417,24,13,8
LCK,KT,2021-02-06,42.95,Jungle,Blank,876,1,3,2,9,14280,58,195,147,10,18172,1041,12859,17788,33432,21183,10991,48,23,16
LCK,KT,2021-02-06,42.95,Mid,Ucal,112,1,5,3,10,17175,304,34,11,15,34769,1025,33744,1850,11580,5892,4773,20,5,7
LCK,KT,2021-02-06,42.95,Bot,HyBriD,360,1,7,2,3,20493,374,36,32,1,19093,16216,2422,7893,23012,15658,6055,16,13,3
LCK,KT,2021-02-06,42.95,Support,Zzus,526,1,0,4,5,9377,45,0,0,0,3666,201,3139,1011,16374,6886,9212,77,15,27
LCK,AF,2021-02-06,42.95,Top,Kiin,150,0,4,6,4,15537,329,6,1,4,20960,17178,3782,6665,30407,14953,13761,20,15,5
LCK,AF,2021-02-06,42.95,Jungle,Dread,76,0,7,3,5,15205,60,221,143,20,23017,1219,21209,23807,34158,21150,12215,11,37,11
LCK,AF,2021-02-06,42.95,Mid,Fly,875,0,0,4,9,15525,338,10,2,4,12628,10112,386,8456,41046,17751,21671,14,16,12
LCK,AF,2021-02-06,42.95,Bot,Bang,145,0,2,4,3,17083,384,51,51,0,12381,8986,3320,6374,22545,14810,7637,37,15,6
LCK,AF,2021-02-06,42.95,Support,Lehends,12,0,2,3,8,9215,41,0,0,0,7163,614,5198,9566,17841,7209,9788,90,18,29
