League,team,date,min,role,name,hero,win,kills,deaths,assists,goldEarned,totalMinionsKilled,neutralMinionsKilled,neutralMinionsKilledTeamJungle,neutralMinionsKilledEnemyJungle,totalDamageDealtToChampions,physicalDamageDealtToChampions,magicDamageDealtToChampions,totalHeal,totalDamageTaken,physicalDamageTaken,magicalDamageTaken,wardsPlaced,wardsKilled,visionWardsBoughtInGame
LCS,TL,2021-02-27,30.966666666666665,Top,Alphari,58,1,1,3,7,12330,273,32,12,9,16529,14288,2240,11179,29044,19314,8945,14,7,4
LCS,TL,2021-02-27,30.966666666666665,Jungle,Santorin,2,1,1,1,5,10953,19,200,112,16,4895,3536,23,18303,26778,18347,5346,11,5,9
LCS,TL,2021-02-27,30.966666666666665,Mid,Jensen,268,1,6,1,5,13405,243,16,12,4,20820,323,20496,4889,10331,5540,4583,15,7,8
LCS,TL,2021-02-27,30.966666666666665,Bot,Tactical,523,1,3,0,7,14487,291,29,16,13,13892,11903,592,4604,6758,4735,1839,15,17,5
LCS,TL,2021-02-27,30.966666666666665,Support,CoreJJ,412,1,0,0,10,7981,45,0,0,0,1560,148,1353,1837,4096,1450,2519,38,21,10
LCS,FLY,2021-02-27,30.966666666666665,Top,Licorice,79,0,1,3,2,10224,255,0,0,0,9937,2054,7871,8768,21001,13899,6136,11,4,6
LCS,FLY,2021-02-27,30.966666666666665,Jungle,Josedeodo,120,0,2,2,2,9443,31,146,110,6,5116,4530,474,15369,29344,18378,9764,7,17,11
LCS,FLY,2021-02-27,30.966666666666665,Mid,Palafox,134,0,1,2,1,10492,254,4,4,0,9468,696,8771,1367,9719,4513,5205,16,3,7
LCS,FLY,2021-02-27,30.966666666666665,Bot,Johnsun,222,0,1,2,2,11097,282,16,16,0,12355,10958,171,4205,12740,9941,2423,15,11,6
LCS,FLY,2021-02-27,30.966666666666665,Support,Diamond,223,0,0,2,4,6154,37,0,0,0,3844,258,3585,3354,11437,6926,4264,42,9,13
