League,team,date,min,role,name,hero,win,kills,deaths,assists,goldEarned,totalMinionsKilled,neutralMinionsKilled,neutralMinionsKilledTeamJungle,neutralMinionsKilledEnemyJungle,totalDamageDealtToChampions,physicalDamageDealtToChampions,magicDamageDealtToChampions,totalHeal,totalDamageTaken,physicalDamageTaken,magicalDamageTaken,wardsPlaced,wardsKilled,visionWardsBoughtInGame
LEC,RGE,2021-03-06,36.516666666666666,Top,Odoamne,266,1,1,1,11,14798,271,25,16,4,12715,11878,162,15911,27089,16215,9034,14,5,4
LEC,RGE,2021-03-06,36.516666666666666,Jungle,Inspired,77,1,2,3,11,13644,34,200,106,41,7398,2645,3312,16363,34049,23774,7425,11,16,11
LEC,RGE,2021-03-06,36.516666666666666,Mid,Larssen,61,1,6,0,9,16287,302,34,30,4,19567,703,18508,2890,11478,7109,3556,10,5,1
LEC,RGE,2021-03-06,36.516666666666666,Bot,Hans,429,1,8,1,6,19022,299,84,38,27,23539,21148,919,3960,19981,13378,5655,39,20,7
LEC,RGE,2021-03-06,36.516666666666666,Support,Trymbi,412,1,0,5,12,8716,35,0,0,0,3825,365,2195,1445,14908,7557,5205,56,11,19
LEC,MAD,2021-03-06,36.516666666666666,Top,Armut,14,0,1,4,3,11041,223,12,5,0,7869,4455,3413,6266,30753,18817,8926,20,9,7
LEC,MAD,2021-03-06,36.516666666666666,Jungle,Elyoya,876,0,3,4,3,10318,30,155,109,15,8663,578,5808,13411,28019,19956,7670,12,12,12
LEC,MAD,2021-03-06,36.516666666666666,Mid,Humanoid,103,0,1,3,5,14692,331,20,17,0,18755,1244,13267,4767,16379,11453,4690,18,11,6
LEC,MAD,2021-03-06,36.516666666666666,Bot,Carzzy,202,0,4,2,2,15540,345,16,9,0,27533,26061,1184,4974,11416,8153,2651,15,11,8
LEC,MAD,2021-03-06,36.516666666666666,Support,Kaiser,111,0,1,4,3,7463,37,0,0,0,4305,1093,2423,2435,13868,7834,5074,65,15,16
