League,team,date,min,role,name,hero,win,kills,deaths,assists,goldEarned,totalMinionsKilled,neutralMinionsKilled,neutralMinionsKilledTeamJungle,neutralMinionsKilledEnemyJungle,totalDamageDealtToChampions,physicalDamageDealtToChampions,magicDamageDealtToChampions,totalHeal,totalDamageTaken,physicalDamageTaken,magicalDamageTaken,wardsPlaced,wardsKilled,visionWardsBoughtInGame
LCK,T1,2021-01-13,30.816666666666666,Top,Canna,164,1,2,0,6,11587,233,11,1,4,7150,4433,523,6742,16858,13119,3210,10,3,5
LCK,T1,2021-01-13,30.816666666666666,Jungle,Ellim,2,1,4,0,5,12263,26,178,106,21,8483,5636,0,19911,31199,23183,7120,14,10,13
LCK,T1,2021-01-13,30.816666666666666,Mid,Clozer,3,1,2,0,7,12354,260,12,12,0,9114,41,9073,4413,16424,11361,3161,15,5,6
LCK,T1,2021-01-13,30.816666666666666,Bot,Gumayusi,523,1,2,0,3,14852,345,18,10,4,10929,8960,637,3425,8330,5588,2198,15,16,7
LCK,T1,2021-01-13,30.816666666666666,Support,Keria,412,1,2,1,7,8504,45,0,0,0,2475,507,1968,1258,8691,3385,2306,48,18,16
LCK,HLE,2021-01-13,30.816666666666666,Top,Morgan,150,0,0,3,0,9048,217,1,1,0,9299,7487,1812,1949,11611,8021,1356,16,4,8
LCK,HLE,2021-01-13,30.816666666666666,Jungle,Arthur,104,0,0,2,0,8568,37,157,112,4,7811,6539,376,6166,15447,10412,3625,8,10,9
LCK,HLE,2021-01-13,30.816666666666666,Mid,Chovy,142,0,0,1,0,11800,316,16,13,0,14136,2099,10786,1967,5734,3001,2732,17,11,7
LCK,HLE,2021-01-13,30.816666666666666,Bot,Deft,145,0,0,1,0,10727,262,24,21,0,9263,5948,2529,4818,13177,10915,2117,15,5,2
LCK,HLE,2021-01-13,30.816666666666666,Support,Vsta,875,0,0,5,0,5791,39,0,0,0,3053,2086,30,115,12760,5992,4183,58,17,23
