League,team,date,min,role,name,hero,win,kills,deaths,assists,goldEarned,totalMinionsKilled,neutralMinionsKilled,neutralMinionsKilledTeamJungle,neutralMinionsKilledEnemyJungle,totalDamageDealtToChampions,physicalDamageDealtToChampions,magicDamageDealtToChampions,totalHeal,totalDamageTaken,physicalDamageTaken,magicalDamageTaken,wardsPlaced,wardsKilled,visionWardsBoughtInGame
LCK,LSB,2021-01-14,26.416666666666668,Top,Summit,516,1,2,2,17,9122,144,0,0,0,11333,4250,6892,2503,21553,14987,5187,14,2,7
LCK,LSB,2021-01-14,26.416666666666668,Jungle,Croco,104,1,7,1,14,12216,45,135,76,13,19788,15565,2064,6698,14749,11600,2919,8,12,8
LCK,LSB,2021-01-14,26.416666666666668,Mid,FATE,142,1,7,2,10,11592,193,16,12,0,20138,2151,15579,2096,7783,5322,2235,11,1,4
LCK,LSB,2021-01-14,26.416666666666668,Bot,Route,360,1,11,0,11,14138,228,16,4,8,18291,15408,2195,6094,15868,10637,4131,16,4,8
LCK,LSB,2021-01-14,26.416666666666668,Support,Effort,12,1,1,1,18,7682,30,0,0,0,6417,387,5402,11762,13006,9304,3059,36,8,13
LCK,NS,2021-01-14,26.416666666666668,Top,Rich,150,0,3,5,1,10206,192,2,1,0,15855,13672,1982,4499,23753,12381,9831,8,9,3
LCK,NS,2021-01-14,26.416666666666668,Jungle,Peanut,2,0,0,4,3,9115,37,142,98,18,10101,7199,0,14569,29952,21279,7697,6,6,6
LCK,NS,2021-01-14,26.416666666666668,Mid,Bay,517,0,1,5,4,8834,194,2,1,0,7932,443,7489,3225,17829,10797,5733,12,4,5
LCK,NS,2021-01-14,26.416666666666668,Bot,deokdam,202,0,2,5,1,8135,175,4,4,0,8999,8555,444,3185,12910,6796,4963,9,8,3
LCK,NS,2021-01-14,26.416666666666668,Support,Kellin,526,0,0,9,5,5414,31,0,0,0,7470,677,6316,1378,15958,9399,5451,47,4,15
