League,team,date,min,role,name,hero,win,kills,deaths,assists,goldEarned,totalMinionsKilled,neutralMinionsKilled,neutralMinionsKilledTeamJungle,neutralMinionsKilledEnemyJungle,totalDamageDealtToChampions,physicalDamageDealtToChampions,magicDamageDealtToChampions,totalHeal,totalDamageTaken,physicalDamageTaken,magicalDamageTaken,wardsPlaced,wardsKilled,visionWardsBoughtInGame
LCS,C9,2021-02-07,26.383333333333333,Top,Fudge,58,1,2,0,8,11063,188,7,0,7,8170,7203,967,5148,17014,11302,3253,11,4,5
LCS,C9,2021-02-07,26.383333333333333,Jungle,Blaber,163,1,10,1,8,14222,40,201,129,14,19638,700,17800,12844,19540,13398,5509,3,9,2
LCS,C9,2021-02-07,26.383333333333333,Mid,Perkz,777,1,2,0,7,11688,241,20,11,1,8090,4627,1959,4565,13350,6130,6858,11,6,4
LCS,C9,2021-02-07,26.383333333333333,Bot,Zven,145,1,6,0,4,13544,245,22,12,6,10624,7051,3215,3386,8209,4379,3602,9,16,2
LCS,C9,2021-02-07,26.383333333333333,Support,Vulcan,80,1,1,2,7,7003,34,0,0,0,6348,6012,0,1202,8886,4460,4050,36,8,11
LCS,IMT,2021-02-07,26.383333333333333,Top,Revenge,164,0,1,6,2,8294,159,0,0,0,6693,3958,597,1126,14652,8064,5875,12,1,5
LCS,IMT,2021-02-07,26.383333333333333,Jungle,Xerxe,876,0,1,5,1,7607,28,125,93,4,4621,147,3315,10218,22913,14900,7391,18,7,7
LCS,IMT,2021-02-07,26.383333333333333,Mid,Insanity,61,0,1,2,2,9355,233,12,12,0,15817,804,14862,1164,13279,7904,3997,14,6,5
LCS,IMT,2021-02-07,26.383333333333333,Bot,Raes,236,0,0,4,2,8691,230,9,9,0,7554,6404,873,1302,11654,6259,5265,8,5,3
LCS,IMT,2021-02-07,26.383333333333333,Support,Destiny,89,0,0,4,3,5147,30,0,0,0,2495,776,1385,450,10145,6492,3159,45,6,13
