League,team,date,min,role,name,hero,win,kills,deaths,assists,goldEarned,totalMinionsKilled,neutralMinionsKilled,neutralMinionsKilledTeamJungle,neutralMinionsKilledEnemyJungle,totalDamageDealtToChampions,physicalDamageDealtToChampions,magicDamageDealtToChampions,totalHeal,totalDamageTaken,physicalDamageTaken,magicalDamageTaken,wardsPlaced,wardsKilled,visionWardsBoughtInGame
LEC,MAD,2021-01-30,35.833333333333336,Top,Armut,62,1,11,6,5,16457,205,10,7,0,17356,14550,2462,6829,30517,20813,8502,19,7,10
LEC,MAD,2021-01-30,35.833333333333336,Jungle,Elyoya,163,1,4,3,17,14121,73,152,102,5,16372,1011,14151,12289,24094,14454,9056,16,9,15
LEC,MAD,2021-01-30,35.833333333333336,Mid,Humanoid,268,1,9,4,15,16771,272,40,29,4,30808,1091,29461,5890,18856,12459,5932,12,7,4
LEC,MAD,2021-01-30,35.833333333333336,Bot,Carzzy,498,1,3,5,14,14203,234,25,25,0,15827,14299,933,754,16136,9414,6079,14,15,7
LEC,MAD,2021-01-30,35.833333333333336,Support,Kaiser,526,1,2,3,20,9886,36,0,0,0,7867,979,5888,5169,17714,10678,6131,72,13,25
LEC,FNC,2021-01-30,35.833333333333336,Top,Bwipo,80,0,9,6,7,13675,200,12,0,0,26445,24344,2101,8240,31289,13925,16885,18,5,9
LEC,FNC,2021-01-30,35.833333333333336,Jungle,Selfmade,28,0,3,6,8,12668,30,168,131,5,15846,268,14066,12293,30496,20362,9335,16,2,4
LEC,FNC,2021-01-30,35.833333333333336,Mid,Nisqy,39,0,7,6,6,14974,278,8,4,4,17212,10384,6750,7047,28936,17725,10902,13,4,4
LEC,FNC,2021-01-30,35.833333333333336,Bot,Upset,145,0,1,3,9,15961,318,43,29,1,14432,8520,4815,7391,18367,9415,8660,15,16,3
LEC,FNC,2021-01-30,35.833333333333336,Support,Hylissang,89,0,1,8,9,8656,43,0,0,0,7998,1842,5100,1860,22593,10435,10566,51,19,17
