League,team,date,min,role,name,hero,win,kills,deaths,assists,goldEarned,totalMinionsKilled,neutralMinionsKilled,neutralMinionsKilledTeamJungle,neutralMinionsKilledEnemyJungle,totalDamageDealtToChampions,physicalDamageDealtToChampions,magicDamageDealtToChampions,totalHeal,totalDamageTaken,physicalDamageTaken,magicalDamageTaken,wardsPlaced,wardsKilled,visionWardsBoughtInGame
LEC,MAD,2021-03-05,31.216666666666665,Top,Armut,14,1,3,1,8,12496,216,1,0,0,8116,5588,2528,1296,16900,10810,5260,16,11,6
LEC,MAD,2021-03-05,31.216666666666665,Jungle,Elyoya,104,1,6,1,8,14228,48,237,116,55,12631,10230,1032,7349,14912,11534,2692,9,13,9
LEC,MAD,2021-03-05,31.216666666666665,Mid,Humanoid,103,1,4,1,8,13476,260,18,12,5,14167,1164,9709,2373,9498,5104,4089,13,2,3
LEC,MAD,2021-03-05,31.216666666666665,Bot,Carzzy,202,1,2,2,7,13173,241,12,8,0,8767,8167,599,1644,6075,4196,1745,16,13,7
LEC,MAD,2021-03-05,31.216666666666665,Support,Kaiser,526,1,1,3,11,8050,33,0,0,0,4451,355,3376,557,7045,3721,2969,51,8,15
LEC,S04,2021-03-05,31.216666666666665,Top,BrokenBlade,98,0,3,3,3,10586,198,8,6,1,6634,3116,3486,958,16550,12092,3371,14,2,5
LEC,S04,2021-03-05,31.216666666666665,Jungle,Gilius,120,0,0,4,6,8405,37,133,100,12,3683,2697,812,12579,26933,18117,7997,6,15,5
LEC,S04,2021-03-05,31.216666666666665,Mid,Abbedagge,61,0,2,3,3,10953,269,4,2,0,9884,551,9333,1682,11485,7445,3033,18,6,9
LEC,S04,2021-03-05,31.216666666666665,Bot,Neon,523,0,2,2,4,12746,298,19,17,0,10344,8392,314,2056,7693,4441,2331,15,11,8
LEC,S04,2021-03-05,31.216666666666665,Support,LIMIT,412,0,1,4,6,7003,38,0,0,0,2883,347,2071,92,12850,7108,4190,55,14,20
