League,team,date,min,role,name,hero,win,kills,deaths,assists,goldEarned,totalMinionsKilled,neutralMinionsKilled,neutralMinionsKilledTeamJungle,neutralMinionsKilledEnemyJungle,totalDamageDealtToChampions,physicalDamageDealtToChampions,magicDamageDealtToChampions,totalHeal,totalDamageTaken,physicalDamageTaken,magicalDamageTaken,wardsPlaced,wardsKilled,visionWardsBoughtInGame
LCK,KT,2021-02-19,36.31666666666667,Top,Doran,41,1,5,1,4,20326,366,24,5,4,21945,16042,3474,5265,19623,15596,2891,26,7,13
LCK,KT,2021-02-19,36.31666666666667,Jungle,GIDEON,76,1,1,0,6,13763,39,215,144,25,9380,512,8362,22952,29886,22501,6875,16,23,14
LCK,KT,2021-02-19,36.31666666666667,Mid,Dove,268,1,3,2,6,15408,311,23,19,1,12680,375,12305,1326,12414,6492,5054,20,10,9
LCK,KT,2021-02-19,36.31666666666667,Bot,HyBriD,145,1,2,2,4,15632,315,47,32,8,9364,5932,1647,3994,12717,8883,3330,35,12,7
LCK,KT,2021-02-19,36.31666666666667,Support,Zzus,12,1,0,3,8,8682,33,0,0,0,3095,42,2524,5604,16760,9746,5229,65,10,20
LCK,BRO,2021-02-19,36.31666666666667,Top,Hoya,150,0,0,3,1,11126,246,17,12,0,8058,7074,983,1696,17248,10866,4877,20,12,16
LCK,BRO,2021-02-19,36.31666666666667,Jungle,UmTi,77,0,0,3,5,11068,53,190,125,8,3208,1019,1352,17407,33005,22955,7876,17,36,17
LCK,BRO,2021-02-19,36.31666666666667,Mid,Lava,61,0,1,2,6,13892,323,23,18,0,13086,322,12742,1621,12593,4612,7509,18,5,9
LCK,BRO,2021-02-19,36.31666666666667,Bot,Hena,523,0,7,1,1,19201,427,32,31,0,23076,18974,767,4255,8682,4954,3461,13,19,6
LCK,BRO,2021-02-19,36.31666666666667,Support,Delight,526,0,0,2,6,7252,40,0,0,0,3469,72,2817,1549,11486,3135,7519,66,14,19
