League,team,date,min,role,name,hero,win,kills,deaths,assists,goldEarned,totalMinionsKilled,neutralMinionsKilled,neutralMinionsKilledTeamJungle,neutralMinionsKilledEnemyJungle,totalDamageDealtToChampions,physicalDamageDealtToChampions,magicDamageDealtToChampions,totalHeal,totalDamageTaken,physicalDamageTaken,magicalDamageTaken,wardsPlaced,wardsKilled,visionWardsBoughtInGame
LCK,AF,2021-02-26,26.983333333333334,Top,Kiin,79,1,4,1,6,10668,218,2,1,0,13701,2516,11184,10915,20073,15971,3547,13,4,4
LCK,AF,2021-02-26,26.983333333333334,Jungle,Dread,876,1,2,0,13,11701,60,165,98,16,17410,1049,12168,11180,19965,15303,4505,22,11,5
LCK,AF,2021-02-26,26.983333333333334,Mid,Fly,14,1,1,1,10,10153,209,0,0,0,4874,2207,2666,3354,14768,8159,6151,12,12,6
LCK,AF,2021-02-26,26.983333333333334,Bot,Bang,18,1,6,2,5,12479,224,23,13,4,13253,10286,1057,4164,9367,7311,1745,22,13,4
LCK,AF,2021-02-26,26.983333333333334,Support,Lehends,526,1,4,0,12,7883,34,0,0,0,5448,727,4326,2548,6910,3534,1902,44,8,16
LCK,KT,2021-02-26,26.983333333333334,Top,Doran,240,0,0,3,4,8300,198,4,0,0,14353,14185,168,5658,34506,12893,17408,12,8,4
LCK,KT,2021-02-26,26.983333333333334,Jungle,GIDEON,141,0,3,4,0,9794,25,175,130,20,4684,3910,413,14461,25251,16970,7644,19,17,4
LCK,KT,2021-02-26,26.983333333333334,Mid,Dove,134,0,0,3,2,9139,243,8,8,0,12320,1338,10982,42,7409,3076,3870,12,5,5
LCK,KT,2021-02-26,26.983333333333334,Bot,HyBriD,145,0,1,4,2,9418,218,24,15,0,9492,6521,1709,2228,10316,5922,4071,19,11,3
LCK,KT,2021-02-26,26.983333333333334,Support,Zzus,89,0,0,3,2,5467,35,0,0,0,2132,294,1508,313,6943,2963,3111,52,16,17
