League,team,date,min,role,name,hero,win,kills,deaths,assists,goldEarned,totalMinionsKilled,neutralMinionsKilled,neutralMinionsKilledTeamJungle,neutralMinionsKilledEnemyJungle,totalDamageDealtToChampions,physicalDamageDealtToChampions,magicDamageDealtToChampions,totalHeal,totalDamageTaken,physicalDamageTaken,magicalDamageTaken,wardsPlaced,wardsKilled,visionWardsBoughtInGame
LCK,HLE,2021-01-27,32.43333333333333,Top,Morgan,164,1,3,1,6,13649,270,35,18,12,19349,11718,1251,11462,24495,15398,7325,14,11,9
LCK,HLE,2021-01-27,32.43333333333333,Jungle,Arthur,80,1,7,0,7,13666,36,184,102,17,14743,13046,1321,13053,25261,17675,6977,32,14,12
LCK,HLE,2021-01-27,32.43333333333333,Mid,Chovy,68,1,3,2,7,13899,291,12,12,0,23047,162,22885,2570,17940,9605,6301,14,13,4
LCK,HLE,2021-01-27,32.43333333333333,Bot,Deft,235,1,6,1,11,14654,245,12,4,8,18773,16198,528,15622,11481,8293,3061,15,14,6
LCK,HLE,2021-01-27,32.43333333333333,Support,Vsta,79,1,0,1,8,7660,18,0,0,0,11000,278,9952,3331,7818,4770,2361,33,11,15
LCK,BRO,2021-01-27,32.43333333333333,Top,Hoya,516,0,0,3,2,9935,234,0,0,0,8562,2419,6142,2467,21685,12511,5054,19,3,9
LCK,BRO,2021-01-27,32.43333333333333,Jungle,UmTi,2,0,0,5,3,9057,31,151,117,0,10550,8070,0,16918,38746,25341,10788,9,9,10
LCK,BRO,2021-01-27,32.43333333333333,Mid,Lava,134,0,0,6,3,10061,233,8,8,0,12125,1013,11111,846,15967,5849,9301,18,3,7
LCK,BRO,2021-01-27,32.43333333333333,Bot,Hena,523,0,4,3,0,12749,268,35,31,0,11999,10446,223,4702,18591,12225,5071,11,18,3
LCK,BRO,2021-01-27,32.43333333333333,Support,Delight,12,0,1,2,3,6690,33,0,0,0,3218,558,2243,5703,15736,7459,7553,59,8,20
