League,team,date,min,role,name,hero,win,kills,deaths,assists,goldEarned,totalMinionsKilled,neutralMinionsKilled,neutralMinionsKilledTeamJungle,neutralMinionsKilledEnemyJungle,totalDamageDealtToChampions,physicalDamageDealtToChampions,magicDamageDealtToChampions,totalHeal,totalDamageTaken,physicalDamageTaken,magicalDamageTaken,wardsPlaced,wardsKilled,visionWardsBoughtInGame
LCK,KT,2021-03-06,46.766666666666666,Top,Doran,41,0,3,4,6,19444,368,23,12,4,28180,16590,7727,7100,29093,19303,6523,24,9,11
LCK,KT,2021-03-06,46.766666666666666,Jungle,GIDEON,876,0,4,3,2,14793,63,216,165,0,19253,171,13902,16273,38598,23731,11565,15,17,15
LCK,KT,2021-03-06,46.766666666666666,Mid,Dove,268,0,1,4,3,15636,331,38,30,0,29176,2439,26737,3029,23746,13452,7174,26,15,10
LCK,KT,2021-03-06,46.766666666666666,Bot,HyBriD,222,0,3,5,6,18339,370,53,49,0,21554,18535,882,4147,19934,11876,5448,11,21,4
LCK,KT,2021-03-06,46.766666666666666,Support,Zzus,89,0,0,6,9,9645,43,0,0,0,4287,741,2512,1708,26929,10504,12047,81,23,24
LCK,T1,2021-03-06,46.766666666666666,Top,Zeus,150,1,3,2,10,17521,299,44,24,2,17415,14257,2228,7210,32598,14500,13911,11,17,7
LCK,T1,2021-03-06,46.766666666666666,Jungle,Ellim,77,1,4,1,10,15403,49,188,140,6,6960,1922,3341,22067,43737,25512,15862,24,27,22
LCK,T1,2021-03-06,46.766666666666666,Mid,Clozer,142,1,6,0,14,20214,387,40,36,0,34378,1197,28631,7371,16014,6027,9784,16,7,2
LCK,T1,2021-03-06,46.766666666666666,Bot,Teddy,235,1,7,3,14,18620,106,53,25,4,29322,22420,731,16769,14872,8450,5450,74,21,11
LCK,T1,2021-03-06,46.766666666666666,Support,Keria,875,1,2,5,12,14022,218,7,5,0,11425,6932,1231,6901,36499,22159,9851,29,10,13
