League,team,date,min,role,name,hero,win,kills,deaths,assists,goldEarned,totalMinionsKilled,neutralMinionsKilled,neutralMinionsKilledTeamJungle,neutralMinionsKilledEnemyJungle,totalDamageDealtToChampions,physicalDamageDealtToChampions,magicDamageDealtToChampions,totalHeal,totalDamageTaken,physicalDamageTaken,magicalDamageTaken,wardsPlaced,wardsKilled,visionWardsBoughtInGame
LCK,NS,2021-02-28,25.566666666666666,Top,Rich,85,1,1,1,8,9590,193,8,1,0,14369,4351,10017,4284,12181,10149,1470,9,5,4
LCK,NS,2021-02-28,25.566666666666666,Jungle,Peanut,104,1,6,1,8,11259,32,172,116,13,11017,9570,1040,7582,15825,11015,4175,3,19,2
LCK,NS,2021-02-28,25.566666666666666,Mid,Bay,268,1,2,1,8,9513,210,4,0,0,9470,857,8613,2179,10432,7950,2267,12,6,3
LCK,NS,2021-02-28,25.566666666666666,Bot,deokdam,18,1,7,1,7,13242,236,4,4,0,13558,10712,1708,3982,8108,5248,2264,25,8,4
LCK,NS,2021-02-28,25.566666666666666,Support,Kellin,526,1,1,0,11,6636,30,0,0,0,3570,325,3072,2428,7124,4982,1529,44,9,11
LCK,LSB,2021-02-28,25.566666666666666,Top,Summit,58,0,3,3,1,9661,194,12,4,3,7942,6602,1340,5875,21600,11609,9380,13,10,7
LCK,LSB,2021-02-28,25.566666666666666,Jungle,Croco,876,0,0,4,1,7755,15,140,104,18,7155,156,4381,9367,23286,16261,6788,17,5,6
LCK,LSB,2021-02-28,25.566666666666666,Mid,FATE,236,0,1,2,2,9686,240,3,3,0,12760,11049,1711,1361,9611,3738,5873,12,2,6
LCK,LSB,2021-02-28,25.566666666666666,Bot,Prince,360,0,0,3,2,8457,226,4,4,0,3940,3729,211,2040,10882,7777,2726,14,14,6
LCK,LSB,2021-02-28,25.566666666666666,Support,Effort,111,0,0,5,1,5150,31,0,0,0,1928,284,1643,116,11224,7289,3444,36,8,13
