League,team,date,min,role,name,hero,win,kills,deaths,assists,goldEarned,totalMinionsKilled,neutralMinionsKilled,neutralMinionsKilledTeamJungle,neutralMinionsKilledEnemyJungle,totalDamageDealtToChampions,physicalDamageDealtToChampions,magicDamageDealtToChampions,totalHeal,totalDamageTaken,physicalDamageTaken,magicalDamageTaken,wardsPlaced,wardsKilled,visionWardsBoughtInGame
LCK,DRX,2021-03-04,50.983333333333334,Top,Kingen,62,0,1,8,12,16575,299,5,4,1,17137,13565,3422,7969,43014,24264,16900,24,15,11
LCK,DRX,2021-03-04,50.983333333333334,Jungle,Pyosik,36,0,2,4,14,16999,84,241,164,20,26810,3104,22416,46331,58765,37796,16936,16,29,16
LCK,DRX,2021-03-04,50.983333333333334,Mid,SOLKA,147,0,2,3,14,17777,365,32,28,4,24531,1134,21116,23846,18323,10076,8036,24,13,13
LCK,DRX,2021-03-04,50.983333333333334,Bot,BAO,145,0,10,4,6,26266,479,72,39,8,35443,20662,10247,9165,24289,17265,5995,25,16,3
LCK,DRX,2021-03-04,50.983333333333334,Support,Becca,53,0,2,9,9,11116,48,0,0,0,6051,774,4402,318,29402,11931,16066,101,17,33
LCK,KT,2021-03-04,50.983333333333334,Top,Doran,79,1,2,3,19,18528,321,8,1,0,23388,2017,21371,27089,49118,22571,22867,31,15,14
LCK,KT,2021-03-04,50.983333333333334,Jungle,GIDEON,104,1,5,5,14,18524,101,228,150,8,17826,14245,2384,14955,31188,17653,11902,58,23,20
LCK,KT,2021-03-04,50.983333333333334,Mid,Ucal,61,1,6,1,15,20152,320,61,37,16,29120,903,28092,169,9620,4010,4709,26,17,8
LCK,KT,2021-03-04,50.983333333333334,Bot,HyBriD,222,1,14,3,9,24055,388,61,44,6,48466,39039,3259,9401,21138,9951,9968,19,34,8
LCK,KT,2021-03-04,50.983333333333334,Support,Zzus,412,1,1,5,21,12033,37,0,0,0,6398,303,5058,2483,26133,8078,16259,78,13,20
