League,team,date,min,role,name,hero,win,kills,deaths,assists,goldEarned,totalMinionsKilled,neutralMinionsKilled,neutralMinionsKilledTeamJungle,neutralMinionsKilledEnemyJungle,totalDamageDealtToChampions,physicalDamageDealtToChampions,magicDamageDealtToChampions,totalHeal,totalDamageTaken,physicalDamageTaken,magicalDamageTaken,wardsPlaced,wardsKilled,visionWardsBoughtInGame
LCS,100,2021-02-28,24.366666666666667,Top,Ssumday,150,0,0,3,0,8698,198,17,10,1,6458,5740,718,1878,12174,8201,2602,10,7,2
LCS,100,2021-02-28,24.366666666666667,Jungle,Closer,77,0,2,0,0,9181,22,161,119,4,2482,1145,861,7747,17030,10329,5462,6,7,4
LCS,100,2021-02-28,24.366666666666667,Mid,Damonte,268,0,0,5,2,7581,182,8,5,0,7925,409,7515,955,12139,6522,4032,10,0,3
LCS,100,2021-02-28,24.366666666666667,Bot,FBI,235,0,0,2,1,6892,32,4,4,0,8788,8138,0,4212,7050,4047,2154,31,9,8
LCS,100,2021-02-28,24.366666666666667,Support,huhi,223,0,0,4,0,7074,173,0,0,0,2005,74,1930,778,11966,5979,3845,10,3,8
LCS,C9,2021-02-28,24.366666666666667,Top,Fudge,164,1,5,1,5,10340,193,0,0,0,7084,4893,346,1545,12899,9932,2774,11,1,4
LCS,C9,2021-02-28,24.366666666666667,Jungle,Blaber,2,1,4,0,7,10340,32,167,123,0,12805,8590,0,16528,25005,20370,4001,6,8,5
LCS,C9,2021-02-28,24.366666666666667,Mid,Perkz,7,1,4,1,3,10503,204,12,12,0,11334,1732,9012,4699,13572,8252,5085,18,8,5
LCS,C9,2021-02-28,24.366666666666667,Bot,Zven,147,1,1,0,6,9446,210,4,0,4,5539,513,4973,4072,4103,3079,958,9,3,3
LCS,C9,2021-02-28,24.366666666666667,Support,Vulcan,497,1,0,0,7,6009,29,0,0,0,2278,77,1718,2105,3810,3120,689,30,9,8
