League,team,date,min,role,name,hero,win,kills,deaths,assists,goldEarned,totalMinionsKilled,neutralMinionsKilled,neutralMinionsKilledTeamJungle,neutralMinionsKilledEnemyJungle,totalDamageDealtToChampions,physicalDamageDealtToChampions,magicDamageDealtToChampions,totalHeal,totalDamageTaken,physicalDamageTaken,magicalDamageTaken,wardsPlaced,wardsKilled,visionWardsBoughtInGame
LCK,BRO,2021-02-04,31.316666666666666,Top,Hoya,14,1,2,1,11,12261,259,0,0,0,10797,6917,3837,2649,18907,9194,9432,18,7,11
LCK,BRO,2021-02-04,31.316666666666666,Jungle,UmTi,2,1,9,1,6,13960,20,200,134,11,15989,11637,0,19886,33882,22881,10570,15,15,10
LCK,BRO,2021-02-04,31.316666666666666,Mid,Lava,147,1,2,0,14,12689,260,16,16,0,10835,810,9974,11258,8941,4862,4078,11,11,1
LCK,BRO,2021-02-04,31.316666666666666,Bot,Hena,429,1,3,1,7,12889,262,25,10,8,8986,8596,0,1571,5995,4108,1758,13,10,3
LCK,BRO,2021-02-04,31.316666666666666,Support,Delight,526,1,0,2,13,7399,44,0,0,0,5606,409,4521,1883,11123,7792,3046,49,14,18
LCK,KT,2021-02-04,31.316666666666666,Top,Doran,43,0,1,3,3,9898,239,0,0,0,16319,2645,13673,1416,12654,8152,4101,16,4,5
LCK,KT,2021-02-04,31.316666666666666,Jungle,Bonnie,80,0,1,4,3,10187,20,167,120,4,7999,7545,347,15171,30683,23104,6243,18,6,9
LCK,KT,2021-02-04,31.316666666666666,Mid,Dove,61,0,1,4,3,11930,295,12,12,0,10785,406,10379,18,11040,7591,1942,20,9,10
LCK,KT,2021-02-04,31.316666666666666,Bot,HyBriD,523,0,2,3,1,11939,281,24,20,0,7811,7098,168,3345,10887,5247,3986,8,12,2
LCK,KT,2021-02-04,31.316666666666666,Support,Zzus,412,0,0,2,3,6181,32,0,0,0,1795,176,1147,1290,10965,5267,5086,48,9,16
