League,team,date,min,role,name,hero,win,kills,deaths,assists,goldEarned,totalMinionsKilled,neutralMinionsKilled,neutralMinionsKilledTeamJungle,neutralMinionsKilledEnemyJungle,totalDamageDealtToChampions,physicalDamageDealtToChampions,magicDamageDealtToChampions,totalHeal,totalDamageTaken,physicalDamageTaken,magicalDamageTaken,wardsPlaced,wardsKilled,visionWardsBoughtInGame
LCK,LSB,2021-01-30,29.816666666666666,Top,Summit,266,0,1,4,1,9037,202,9,4,0,18717,18717,0,11625,32519,12424,16953,12,3,5
LCK,LSB,2021-01-30,29.816666666666666,Jungle,Croco,77,0,1,5,1,8630,17,140,109,4,5372,1965,2710,11536,29068,19708,7645,18,9,18
LCK,LSB,2021-01-30,29.816666666666666,Mid,FATE,61,0,0,2,2,9756,243,18,17,0,12613,591,12021,2001,11261,2932,7915,15,5,6
LCK,LSB,2021-01-30,29.816666666666666,Bot,Leo,360,0,0,3,1,9970,258,4,4,0,4765,4441,323,1800,13391,9839,2527,13,10,4
LCK,LSB,2021-01-30,29.816666666666666,Support,Effort,3,0,1,4,1,6179,33,0,0,0,3719,0,3206,454,14675,9990,3374,51,12,16
LCK,GEN,2021-01-30,29.816666666666666,Top,Rascal,84,1,4,1,6,11746,231,11,8,1,19603,2407,16064,15482,25025,18924,2784,10,5,7
LCK,GEN,2021-01-30,29.816666666666666,Jungle,Flawless,2,1,7,0,6,11747,18,162,106,1,14421,9151,229,20931,30288,22411,7628,11,14,12
LCK,GEN,2021-01-30,29.816666666666666,Mid,Bdd,268,1,3,1,9,12001,246,8,8,0,17694,183,17510,2063,9585,5139,4354,15,14,11
LCK,GEN,2021-01-30,29.816666666666666,Bot,Ruler,498,1,3,0,8,14971,314,29,16,9,19725,18092,723,1412,5321,3476,1844,12,13,3
LCK,GEN,2021-01-30,29.816666666666666,Support,Life,89,1,1,1,13,7846,32,0,0,0,3444,998,1923,2777,10617,4939,4125,47,14,13
