League,team,date,min,role,name,hero,win,kills,deaths,assists,goldEarned,totalMinionsKilled,neutralMinionsKilled,neutralMinionsKilledTeamJungle,neutralMinionsKilledEnemyJungle,totalDamageDealtToChampions,physicalDamageDealtToChampions,magicDamageDealtToChampions,totalHeal,totalDamageTaken,physicalDamageTaken,magicalDamageTaken,wardsPlaced,wardsKilled,visionWardsBoughtInGame
LCK,T1,2021-01-15,33.36666666666667,Top,Canna,150,0,0,5,2,10068,232,9,3,0,8589,6635,1953,2773,25037,17174,4416,10,10,4
LCK,T1,2021-01-15,33.36666666666667,Jungle,Ellim,2,0,0,4,4,9179,18,159,119,4,5168,2868,0,13768,31019,18689,10650,15,14,15
LCK,T1,2021-01-15,33.36666666666667,Mid,Faker,268,0,0,2,4,11176,270,12,8,0,12957,226,12731,1535,13137,4931,7709,14,10,3
LCK,T1,2021-01-15,33.36666666666667,Bot,Gumayusi,360,0,3,3,2,13594,341,4,4,0,11961,10331,1515,5284,19480,11285,6686,15,14,6
LCK,T1,2021-01-15,33.36666666666667,Support,Keria,3,0,2,4,2,7872,33,0,0,0,5581,84,4811,681,13392,8975,3361,61,12,25
LCK,DK,2021-01-15,33.36666666666667,Top,Khan,41,1,7,1,6,16309,263,26,6,13,21553,15242,4352,4545,16845,11137,5455,19,6,7
LCK,DK,2021-01-15,33.36666666666667,Jungle,Canyon,104,1,2,0,10,12603,43,203,123,37,14300,11565,1492,12490,19561,15631,3814,17,23,11
LCK,DK,2021-01-15,33.36666666666667,Mid,ShowMaker,142,1,5,0,7,13784,244,28,24,0,19630,1460,15598,5294,10867,5436,4786,16,9,6
LCK,DK,2021-01-15,33.36666666666667,Bot,Ghost,145,1,4,2,10,14484,264,40,31,0,14599,9374,3507,5512,11845,8071,3515,20,8,10
LCK,DK,2021-01-15,33.36666666666667,Support,BeryL,12,1,0,2,12,7890,42,0,0,0,4928,257,3970,6507,17254,9033,6389,60,18,22
