League,team,date,min,role,name,hero,win,kills,deaths,assists,goldEarned,totalMinionsKilled,neutralMinionsKilled,neutralMinionsKilledTeamJungle,neutralMinionsKilledEnemyJungle,totalDamageDealtToChampions,physicalDamageDealtToChampions,magicDamageDealtToChampions,totalHeal,totalDamageTaken,physicalDamageTaken,magicalDamageTaken,wardsPlaced,wardsKilled,visionWardsBoughtInGame
LCS,EG,2021-02-28,40.46666666666667,Top,Impact,58,1,4,4,13,16746,285,5,1,1,18840,14690,3971,15189,41609,27857,9890,21,7,7
LCS,EG,2021-02-28,40.46666666666667,Jungle,Svenskeren,2,1,4,4,9,14534,65,170,117,8,13030,9696,0,25231,44848,32534,9581,12,20,10
LCS,EG,2021-02-28,40.46666666666667,Mid,Jiizuke,268,1,4,4,9,16745,310,52,33,8,27002,105,26897,5766,22261,15545,5397,16,4,9
LCS,EG,2021-02-28,40.46666666666667,Bot,Deftly,145,1,7,0,9,19845,365,56,28,16,21549,12405,7862,12393,18714,14737,3290,35,16,6
LCS,EG,2021-02-28,40.46666666666667,Support,IgNar,526,1,2,3,9,9922,49,0,0,0,5658,324,4480,3178,15765,9885,3973,66,24,21
LCS,GG,2021-02-28,40.46666666666667,Top,Niles,150,0,0,7,7,11921,231,12,5,4,15230,11174,4055,3556,27294,16567,9550,21,12,10
LCS,GG,2021-02-28,40.46666666666667,Jungle,Iconic,876,0,4,2,7,13399,44,221,157,15,20118,371,15048,14428,32888,20204,11611,11,8,10
LCS,GG,2021-02-28,40.46666666666667,Mid,Ablazeolive,18,0,4,5,5,16469,321,16,13,0,31671,24086,4019,9285,27263,9446,16487,19,14,8
LCS,GG,2021-02-28,40.46666666666667,Bot,Stixxay,15,0,7,4,3,18312,404,40,28,0,28073,26734,0,7071,18490,12634,4951,13,25,8
LCS,GG,2021-02-28,40.46666666666667,Support,Newbie,12,0,0,3,12,8168,34,0,0,0,6500,311,5290,7710,13901,6701,6033,87,10,29
