League,team,date,min,role,name,hero,win,kills,deaths,assists,goldEarned,totalMinionsKilled,neutralMinionsKilled,neutralMinionsKilledTeamJungle,neutralMinionsKilledEnemyJungle,totalDamageDealtToChampions,physicalDamageDealtToChampions,magicDamageDealtToChampions,totalHeal,totalDamageTaken,physicalDamageTaken,magicalDamageTaken,wardsPlaced,wardsKilled,visionWardsBoughtInGame
LCS,100,2021-03-05,33.05,Top,Ssumday,58,0,2,4,2,12339,250,12,3,0,11568,10223,1344,7447,29052,18312,9805,18,5,8
LCS,100,2021-03-05,33.05,Jungle,Closer,72,0,1,2,5,10057,28,164,141,0,4879,2445,1965,7150,20705,13319,6078,10,16,8
LCS,100,2021-03-05,33.05,Mid,ry0ma,61,0,3,2,2,12213,260,32,23,4,19430,1743,17686,139,10765,4622,5590,14,5,3
LCS,100,2021-03-05,33.05,Bot,FBI,498,0,1,1,1,11931,280,26,17,4,8426,8426,0,2217,10032,7002,2864,16,8,7
LCS,100,2021-03-05,33.05,Support,huhi,12,0,0,2,4,6453,31,0,0,0,2473,393,2080,5453,10795,5477,4784,65,12,18
LCS,EG,2021-03-05,33.05,Top,Impact,150,1,3,2,7,13747,239,20,6,8,19811,15582,3551,6634,19867,13217,6565,17,9,6
LCS,EG,2021-03-05,33.05,Jungle,Svenskeren,36,1,0,2,6,11059,30,183,120,0,8951,1946,6504,28576,28136,20724,7271,11,17,10
LCS,EG,2021-03-05,33.05,Mid,Jiizuke,245,1,3,2,2,14404,287,20,20,0,11840,1323,10517,7397,19011,9630,9229,12,6,4
LCS,EG,2021-03-05,33.05,Bot,Deftly,145,1,5,0,2,16021,322,31,23,0,13151,7649,3887,3948,7281,6267,1013,19,11,2
LCS,EG,2021-03-05,33.05,Support,IgNar,526,1,0,1,7,7852,34,0,0,0,4078,92,3283,1704,8503,6052,2359,57,14,13
