League,team,date,min,role,name,hero,win,kills,deaths,assists,goldEarned,totalMinionsKilled,neutralMinionsKilled,neutralMinionsKilledTeamJungle,neutralMinionsKilledEnemyJungle,totalDamageDealtToChampions,physicalDamageDealtToChampions,magicDamageDealtToChampions,totalHeal,totalDamageTaken,physicalDamageTaken,magicalDamageTaken,wardsPlaced,wardsKilled,visionWardsBoughtInGame
LCK,AF,2021-02-21,40.916666666666664,Top,Kiin,58,1,1,1,6,13694,260,31,25,0,13980,13179,800,12912,33359,15298,17601,13,18,9
LCK,AF,2021-02-21,40.916666666666664,Jungle,Dread,163,1,3,1,5,14296,67,216,123,28,13931,836,12531,13114,20806,12634,7881,40,18,13
LCK,AF,2021-02-21,40.916666666666664,Mid,Fly,61,1,2,1,6,14196,310,10,10,0,15379,706,14572,2718,11800,5435,6188,17,13,7
LCK,AF,2021-02-21,40.916666666666664,Bot,Bang,360,1,5,1,1,18778,361,32,32,0,13973,12816,855,5062,18033,10179,7404,22,23,9
LCK,AF,2021-02-21,40.916666666666664,Support,Lehends,497,1,0,0,7,9132,34,4,0,0,7323,671,5859,5872,10087,3822,5934,72,23,20
LCK,DRX,2021-02-21,40.916666666666664,Top,Kingen,106,0,2,4,2,13557,251,16,9,4,13434,7415,6019,6036,38423,22426,15212,13,11,9
LCK,DRX,2021-02-21,40.916666666666664,Jungle,Pyosik,76,0,0,2,3,13578,56,239,151,22,17106,381,16475,25559,28530,19223,9105,52,42,11
LCK,DRX,2021-02-21,40.916666666666664,Mid,SOLKA,134,0,0,3,1,13308,291,20,18,2,14873,356,14517,1497,10929,6408,4429,21,6,7
LCK,DRX,2021-02-21,40.916666666666664,Bot,BAO,145,0,2,1,0,17704,382,16,16,0,11021,6582,3488,5658,12983,9093,3424,20,17,5
LCK,DRX,2021-02-21,40.916666666666664,Support,Becca,89,0,0,1,4,8885,38,0,0,0,2995,621,1866,1074,12446,5035,7195,78,12,20
