League,team,date,min,role,name,hero,win,kills,deaths,assists,goldEarned,totalMinionsKilled,neutralMinionsKilled,neutralMinionsKilledTeamJungle,neutralMinionsKilledEnemyJungle,totalDamageDealtToChampions,physicalDamageDealtToChampions,magicDamageDealtToChampions,totalHeal,totalDamageTaken,physicalDamageTaken,magicalDamageTaken,wardsPlaced,wardsKilled,visionWardsBoughtInGame
LCK,HLE,2021-03-05,31.633333333333333,Top,Morgan,14,1,3,0,14,11370,203,4,4,0,14605,8408,6196,3646,20755,9970,9115,15,5,7
LCK,HLE,2021-03-05,31.633333333333333,Jungle,yoHan,77,1,4,3,10,12181,30,178,126,12,6541,2697,3029,12805,30124,20422,7951,12,16,13
LCK,HLE,2021-03-05,31.633333333333333,Mid,Chovy,268,1,7,2,12,15580,278,28,20,4,25331,653,24678,2269,13366,7483,5470,16,9,7
LCK,HLE,2021-03-05,31.633333333333333,Bot,Deft,498,1,7,3,10,14347,247,32,16,8,22194,21355,122,2361,13145,7099,4573,11,12,3
LCK,HLE,2021-03-05,31.633333333333333,Support,Vsta,497,1,1,2,17,8321,22,4,0,0,7159,973,5775,2993,8497,5327,2809,74,19,18
LCK,NS,2021-03-05,31.633333333333333,Top,Rich,69,0,3,6,1,10508,222,4,0,0,11911,996,10914,5059,19523,8151,11074,10,10,6
LCK,NS,2021-03-05,31.633333333333333,Jungle,Peanut,2,0,5,5,2,11281,47,161,124,0,10454,6910,106,19240,36702,26389,9742,7,21,8
LCK,NS,2021-03-05,31.633333333333333,Mid,Bay,134,0,0,3,6,10317,247,8,8,0,11010,461,10549,2410,12990,4366,8591,16,6,6
LCK,NS,2021-03-05,31.633333333333333,Bot,deokdam,145,0,2,3,5,12011,255,20,20,0,17892,13506,2919,7079,17440,12498,4547,23,10,5
LCK,NS,2021-03-05,31.633333333333333,Support,Kellin,12,0,0,5,4,6185,34,0,0,0,2981,171,2052,5310,17394,8784,7964,55,9,17
