League,team,date,min,role,name,hero,win,kills,deaths,assists,goldEarned,totalMinionsKilled,neutralMinionsKilled,neutralMinionsKilledTeamJungle,neutralMinionsKilledEnemyJungle,totalDamageDealtToChampions,physicalDamageDealtToChampions,magicDamageDealtToChampions,totalHeal,totalDamageTaken,physicalDamageTaken,magicalDamageTaken,wardsPlaced,wardsKilled,visionWardsBoughtInGame
LCK,LSB,2021-02-28,29.566666666666666,Top,Summit,14,0,0,1,3,9524,254,1,0,0,11589,5805,5777,673,14837,7923,6304,15,8,7
LCK,LSB,2021-02-28,29.566666666666666,Jungle,Croco,104,0,3,2,1,9219,51,122,103,1,9664,7961,942,6467,16808,9756,6389,9,12,8
LCK,LSB,2021-02-28,29.566666666666666,Mid,FATE,147,0,0,4,4,9328,220,12,12,0,7401,728,6615,6207,12012,5808,6025,11,5,6
LCK,LSB,2021-02-28,29.566666666666666,Bot,Prince,145,0,1,3,3,11374,280,8,8,0,9932,7134,2452,2205,11238,6056,4593,14,14,5
LCK,LSB,2021-02-28,29.566666666666666,Support,Effort,111,0,0,5,4,5871,46,0,0,0,2656,726,1930,644,13388,5210,7730,50,12,18
LCK,NS,2021-02-28,29.566666666666666,Top,Rich,58,1,1,0,7,11871,274,1,0,1,10260,8895,1364,7115,18976,11450,7318,8,11,4
LCK,NS,2021-02-28,29.566666666666666,Jungle,Peanut,76,1,4,0,8,12634,36,216,100,39,14017,1372,11626,19424,24785,20416,4320,36,25,6
LCK,NS,2021-02-28,29.566666666666666,Mid,Bay,268,1,1,1,10,12163,262,16,4,8,12634,250,12383,1550,11613,8824,2679,16,6,7
LCK,NS,2021-02-28,29.566666666666666,Bot,deokdam,18,1,6,2,5,13681,221,22,17,4,11053,8811,1417,5213,11067,7201,3773,28,11,6
LCK,NS,2021-02-28,29.566666666666666,Support,Kellin,89,1,3,1,11,8282,37,0,0,0,4084,843,2599,291,9089,5683,2674,51,11,16
