League,team,date,min,role,name,hero,win,kills,deaths,assists,goldEarned,totalMinionsKilled,neutralMinionsKilled,neutralMinionsKilledTeamJungle,neutralMinionsKilledEnemyJungle,totalDamageDealtToChampions,physicalDamageDealtToChampions,magicDamageDealtToChampions,totalHeal,totalDamageTaken,physicalDamageTaken,magicalDamageTaken,wardsPlaced,wardsKilled,visionWardsBoughtInGame
LCK,GEN,2021-02-28,41.766666666666666,Top,Rascal,150,1,3,7,14,16120,258,36,24,0,16010,12874,2776,6104,31448,16477,14157,15,11,10
LCK,GEN,2021-02-28,41.766666666666666,Jungle,Clid,76,1,7,3,11,16354,45,210,98,45,24241,598,20906,28921,36877,26884,9718,46,19,18
LCK,GEN,2021-02-28,41.766666666666666,Mid,Bdd,268,1,5,3,11,16895,286,40,32,8,31679,647,30932,6999,25948,12343,11272,17,19,11
LCK,GEN,2021-02-28,41.766666666666666,Bot,Ruler,523,1,6,1,8,21104,393,49,41,8,18880,15364,1413,5431,8713,5063,3550,18,30,8
LCK,GEN,2021-02-28,41.766666666666666,Support,Life,3,1,1,4,15,10092,38,0,0,0,5485,83,5402,3022,20405,12697,5389,73,10,22
LCK,AF,2021-02-28,41.766666666666666,Top,Kiin,39,0,7,7,2,16397,315,16,12,0,18035,11191,6844,8174,32737,15628,16078,14,14,8
LCK,AF,2021-02-28,41.766666666666666,Jungle,Dread,104,0,5,3,5,17065,131,205,118,25,22239,18315,2982,14719,30662,16747,12513,12,20,10
LCK,AF,2021-02-28,41.766666666666666,Mid,Fly,134,0,3,3,8,14549,278,20,12,0,22458,794,21505,4122,18190,4663,12900,12,15,6
LCK,AF,2021-02-28,41.766666666666666,Bot,Bang,145,0,2,5,6,16010,310,36,32,4,14936,10231,4517,9487,24480,12620,10724,42,21,6
LCK,AF,2021-02-28,41.766666666666666,Support,Lehends,111,0,1,4,10,9338,58,0,0,0,5241,759,3930,3576,20452,6151,13188,85,21,27
