League,team,date,min,role,name,hero,win,kills,deaths,assists,goldEarned,totalMinionsKilled,neutralMinionsKilled,neutralMinionsKilledTeamJungle,neutralMinionsKilledEnemyJungle,totalDamageDealtToChampions,physicalDamageDealtToChampions,magicDamageDealtToChampions,totalHeal,totalDamageTaken,physicalDamageTaken,magicalDamageTaken,wardsPlaced,wardsKilled,visionWardsBoughtInGame
LEC,XL,2021-03-05,27.016666666666666,Top,Kryze,150,0,1,1,1,10275,225,4,4,0,5593,4857,735,2827,12618,9327,3077,5,5,5
LEC,XL,2021-03-05,27.016666666666666,Jungle,Dan,120,0,0,3,3,7668,11,149,123,4,4854,3990,511,14125,27215,18749,7515,15,2,12
LEC,XL,2021-03-05,27.016666666666666,Mid,Czekolad,268,0,1,4,2,8513,182,12,8,1,9433,256,9177,1643,14643,9215,4447,13,1,10
LEC,XL,2021-03-05,27.016666666666666,Bot,Patrik,22,0,2,3,2,9866,235,4,4,0,18961,14944,2778,3066,13681,8866,4689,11,6,5
LEC,XL,2021-03-05,27.016666666666666,Support,Tore,117,0,1,2,4,6845,28,0,0,0,10111,1686,7873,3816,8312,5344,2767,32,15,5
LEC,FNC,2021-03-05,27.016666666666666,Top,Bwipo,41,1,1,1,6,11471,207,25,9,1,13037,7611,4870,5520,14562,11583,2704,14,3,7
LEC,FNC,2021-03-05,27.016666666666666,Jungle,Selfmade,104,1,4,1,5,11588,44,180,107,21,8051,6160,1458,7946,14598,10422,3961,11,8,9
LEC,FNC,2021-03-05,27.016666666666666,Mid,Nisqy,142,1,2,0,6,10915,211,21,16,1,10820,1281,8557,1423,8683,3996,4246,15,3,7
LEC,FNC,2021-03-05,27.016666666666666,Bot,Upset,235,1,6,0,7,9625,39,0,0,0,12527,11769,255,12007,9675,5038,4541,31,9,3
LEC,FNC,2021-03-05,27.016666666666666,Support,Hylissang,223,1,0,3,6,7977,121,0,0,0,4095,206,3888,5676,24628,15567,7943,19,5,14
