League,team,date,min,role,name,hero,win,kills,deaths,assists,goldEarned,totalMinionsKilled,neutralMinionsKilled,neutralMinionsKilledTeamJungle,neutralMinionsKilledEnemyJungle,totalDamageDealtToChampions,physicalDamageDealtToChampions,magicDamageDealtToChampions,totalHeal,totalDamageTaken,physicalDamageTaken,magicalDamageTaken,wardsPlaced,wardsKilled,visionWardsBoughtInGame
LEC,XL,2021-02-20,28.483333333333334,Top,Kryze,164,0,2,3,4,9476,175,13,4,4,9078,6149,464,5672,18627,11508,6355,11,3,2
LEC,XL,2021-02-20,28.483333333333334,Jungle,Dan,876,0,2,3,4,8858,10,138,94,1,5703,299,3527,13263,23261,16754,6145,18,3,9
LEC,XL,2021-02-20,28.483333333333334,Mid,Czekolad,61,0,3,9,4,10283,189,12,12,0,14015,579,13370,1210,16145,8510,7157,11,5,4
LEC,XL,2021-02-20,28.483333333333334,Bot,Patrik,360,0,2,4,2,10061,213,12,12,0,8929,8559,369,1750,13826,8912,4472,10,5,3
LEC,XL,2021-02-20,28.483333333333334,Support,Tore,12,0,0,5,3,5500,30,0,0,0,3984,362,2945,2967,14480,7193,6722,43,10,14
LEC,AST,2021-02-20,28.483333333333334,Top,WhiteKnight,98,1,3,3,12,10623,171,12,12,0,9844,4594,4718,2707,19515,9539,6738,12,6,4
LEC,AST,2021-02-20,28.483333333333334,Jungle,Zanzarah,120,1,2,4,12,10117,12,150,111,4,9601,7577,1345,18443,33419,21282,10954,9,6,9
LEC,AST,2021-02-20,28.483333333333334,Mid,MagiFelix,134,1,6,1,7,13379,249,32,12,16,15700,1004,14696,1645,7334,5160,1836,13,4,6
LEC,AST,2021-02-20,28.483333333333334,Bot,Jeskla,145,1,12,0,8,15197,233,32,8,12,17201,13225,3180,5501,9700,6800,2795,15,9,8
LEC,AST,2021-02-20,28.483333333333334,Support,promisq,526,1,1,1,17,7752,38,0,0,0,5550,504,4444,1587,8681,5617,2841,39,13,12
