League,team,date,min,role,name,hero,win,kills,deaths,assists,goldEarned,totalMinionsKilled,neutralMinionsKilled,neutralMinionsKilledTeamJungle,neutralMinionsKilledEnemyJungle,totalDamageDealtToChampions,physicalDamageDealtToChampions,magicDamageDealtToChampions,totalHeal,totalDamageTaken,physicalDamageTaken,magicalDamageTaken,wardsPlaced,wardsKilled,visionWardsBoughtInGame
LCK,KT,2021-01-16,30.833333333333332,Top,Doran,133,1,9,1,8,15137,255,26,9,12,29400,26720,1715,3878,11934,7144,4746,20,3,10
LCK,KT,2021-01-16,30.833333333333332,Jungle,Blank,163,1,3,2,9,10911,33,157,105,4,7229,185,6463,9749,19749,13537,5653,28,13,15
LCK,KT,2021-01-16,30.833333333333332,Mid,Ucal,61,1,2,2,13,12789,233,38,30,8,21452,2375,19077,1041,10948,5403,5414,15,8,5
LCK,KT,2021-01-16,30.833333333333332,Bot,HyBriD,145,1,4,1,6,13357,273,27,13,12,13002,9141,2064,3557,11447,6699,4582,22,16,3
LCK,KT,2021-01-16,30.833333333333332,Support,Zzus,12,1,1,1,13,7580,32,0,0,0,3618,173,3032,9092,13018,5540,6478,50,11,15
LCK,LSB,2021-01-16,30.833333333333332,Top,Summit,58,0,1,5,2,10222,226,7,6,0,5917,5003,914,4648,26756,17308,8361,15,6,7
LCK,LSB,2021-01-16,30.833333333333332,Jungle,Croco,76,0,2,4,2,9433,37,144,94,3,10009,532,9103,16585,27624,17962,9227,43,27,13
LCK,LSB,2021-01-16,30.833333333333332,Mid,FATE,3,0,2,3,3,10533,246,0,0,0,11161,61,11100,1911,18350,11634,6003,15,8,7
LCK,LSB,2021-01-16,30.833333333333332,Bot,Route,360,0,2,4,1,12592,265,4,4,0,7772,6159,1540,3524,14881,8496,5691,10,5,5
LCK,LSB,2021-01-16,30.833333333333332,Support,Effort,89,0,0,3,5,6330,31,0,0,0,3725,674,2596,1552,12325,6617,4878,52,7,17
