League,team,date,min,role,name,hero,win,kills,deaths,assists,goldEarned,totalMinionsKilled,neutralMinionsKilled,neutralMinionsKilledTeamJungle,neutralMinionsKilledEnemyJungle,totalDamageDealtToChampions,physicalDamageDealtToChampions,magicDamageDealtToChampions,totalHeal,totalDamageTaken,physicalDamageTaken,magicalDamageTaken,wardsPlaced,wardsKilled,visionWardsBoughtInGame
LCK,T1,2021-03-06,32.666666666666664,Top,Zeus,266,1,1,0,4,12532,278,16,3,4,9797,9797,0,9463,18361,11229,6358,12,6,7
LCK,T1,2021-03-06,32.666666666666664,Jungle,Ellim,876,1,2,0,7,11555,40,177,112,9,9710,460,7307,14885,26671,22335,4064,31,12,12
LCK,T1,2021-03-06,32.666666666666664,Mid,Clozer,142,1,2,0,7,13126,284,12,8,4,18332,2179,14217,1704,6344,4225,1940,10,6,2
LCK,T1,2021-03-06,32.666666666666664,Bot,Teddy,523,1,6,1,4,16364,282,61,45,16,17928,13962,939,2238,5379,4214,1033,13,17,4
LCK,T1,2021-03-06,32.666666666666664,Support,Keria,412,1,0,2,9,8057,38,0,0,0,2103,536,1567,1013,5768,4093,1279,56,13,21
LCK,KT,2021-03-06,32.666666666666664,Top,Doran,8,0,0,2,0,11252,308,8,8,0,6075,1240,4834,21662,21482,14447,5474,17,6,6
LCK,KT,2021-03-06,32.666666666666664,Jungle,GIDEON,77,0,1,2,1,9861,31,181,121,16,2817,1365,952,12654,26859,18164,7406,12,21,13
LCK,KT,2021-03-06,32.666666666666664,Mid,Dove,14,0,0,2,1,10669,270,0,0,0,4272,2009,1924,168,19122,8385,8103,16,9,14
LCK,KT,2021-03-06,32.666666666666664,Bot,HyBriD,222,0,2,2,1,13750,331,34,32,0,10530,9209,588,3957,12315,7769,3902,8,23,2
LCK,KT,2021-03-06,32.666666666666664,Support,Zzus,526,0,0,3,2,6364,32,0,0,0,2398,121,2096,162,7533,4039,2714,69,6,24
