League,team,date,min,role,name,hero,win,kills,deaths,assists,goldEarned,totalMinionsKilled,neutralMinionsKilled,neutralMinionsKilledTeamJungle,neutralMinionsKilledEnemyJungle,totalDamageDealtToChampions,physicalDamageDealtToChampions,magicDamageDealtToChampions,totalHeal,totalDamageTaken,physicalDamageTaken,magicalDamageTaken,wardsPlaced,wardsKilled,visionWardsBoughtInGame
LCK,HLE,2021-02-07,29.633333333333333,Top,DuDu,41,0,1,2,2,11429,242,20,17,0,13960,8594,4140,4664,16729,10915,5491,12,2,5
LCK,HLE,2021-02-07,29.633333333333333,Jungle,Arthur,2,0,2,3,2,7777,26,99,75,3,4925,3257,93,9546,21534,12696,7905,9,13,11
LCK,HLE,2021-02-07,29.633333333333333,Mid,Chovy,268,0,0,3,3,10666,287,17,17,0,11125,136,10988,2009,14820,5587,8281,12,14,2
LCK,HLE,2021-02-07,29.633333333333333,Bot,Deft,498,0,0,3,0,9745,242,8,5,1,9467,9102,365,2413,12246,7848,4038,15,10,8
LCK,HLE,2021-02-07,29.633333333333333,Support,Vsta,497,0,1,2,3,6349,21,0,0,0,4034,805,2802,2523,8247,3623,3998,80,18,21
LCK,LSB,2021-02-07,29.633333333333333,Top,Summit,150,1,3,0,4,14611,290,31,4,24,14109,11753,2116,7549,19723,14535,4214,15,13,6
LCK,LSB,2021-02-07,29.633333333333333,Jungle,Croco,76,1,2,1,7,11393,32,177,88,25,8634,794,7536,19917,24491,19039,4698,46,28,12
LCK,LSB,2021-02-07,29.633333333333333,Mid,FATE,142,1,6,0,5,13924,264,20,16,4,18125,1662,14468,3379,9852,2632,6899,5,7,2
LCK,LSB,2021-02-07,29.633333333333333,Bot,Route,145,1,2,1,4,11336,239,12,12,0,6973,5633,1339,3562,10842,7234,3208,16,7,4
LCK,LSB,2021-02-07,29.633333333333333,Support,Effort,526,1,0,2,8,6812,34,0,0,0,3431,309,2468,1865,9813,6117,2917,42,14,13
