League,team,date,min,role,name,hero,win,kills,deaths,assists,goldEarned,totalMinionsKilled,neutralMinionsKilled,neutralMinionsKilledTeamJungle,neutralMinionsKilledEnemyJungle,totalDamageDealtToChampions,physicalDamageDealtToChampions,magicDamageDealtToChampions,totalHeal,totalDamageTaken,physicalDamageTaken,magicalDamageTaken,wardsPlaced,wardsKilled,visionWardsBoughtInGame
LCK,T1,2021-02-19,32.483333333333334,Top,Zeus,58,1,6,4,8,12580,201,20,13,0,11671,10438,1233,11171,30280,15803,12731,12,2,8
LCK,T1,2021-02-19,32.483333333333334,Jungle,Ellim,2,1,2,3,9,9658,22,140,87,4,7273,4543,0,14460,27544,18505,8226,12,11,12
LCK,T1,2021-02-19,32.483333333333334,Mid,Faker,268,1,5,2,12,13763,252,18,17,0,20880,632,20248,1638,13911,3870,9673,16,10,6
LCK,T1,2021-02-19,32.483333333333334,Bot,Gumayusi,360,1,6,2,9,15988,304,20,20,0,15358,13138,1552,6989,21760,10054,10666,16,16,8
LCK,T1,2021-02-19,32.483333333333334,Support,Keria,526,1,0,3,11,7381,43,0,0,0,4136,209,3559,2134,15820,7921,6924,60,11,21
LCK,DRX,2021-02-19,32.483333333333334,Top,Kingen,79,0,0,2,10,11213,210,2,0,1,12135,1687,10448,15086,26575,16774,8756,9,13,3
LCK,DRX,2021-02-19,32.483333333333334,Jungle,Pyosik,203,0,1,5,5,11762,44,201,136,27,14766,8915,3400,12806,23912,16545,6854,8,22,8
LCK,DRX,2021-02-19,32.483333333333334,Mid,SOLKA,112,0,5,3,8,12483,246,12,8,0,27216,536,26639,1479,10050,5639,4293,17,6,7
LCK,DRX,2021-02-19,32.483333333333334,Bot,BAO,145,0,8,2,1,14303,253,24,20,0,17382,11341,4256,5889,11319,6741,4271,15,10,5
LCK,DRX,2021-02-19,32.483333333333334,Support,Becca,89,0,0,7,3,6464,36,0,0,0,3964,808,2491,322,13955,6532,5638,61,10,20
