League,team,date,min,role,name,hero,win,kills,deaths,assists,goldEarned,totalMinionsKilled,neutralMinionsKilled,neutralMinionsKilledTeamJungle,neutralMinionsKilledEnemyJungle,totalDamageDealtToChampions,physicalDamageDealtToChampions,magicDamageDealtToChampions,totalHeal,totalDamageTaken,physicalDamageTaken,magicalDamageTaken,wardsPlaced,wardsKilled,visionWardsBoughtInGame
LCS,C9,2021-02-13,33.9,Top,Fudge,79,1,4,2,7,13785,238,12,0,4,18627,2481,15740,10086,22104,17218,3731,16,2,7
LCS,C9,2021-02-13,33.9,Jungle,Blaber,421,1,9,5,13,15243,31,173,126,17,19924,15024,0,16450,30127,22664,6695,9,14,8
LCS,C9,2021-02-13,33.9,Mid,Perkz,142,1,8,2,12,14951,236,12,8,0,29439,2407,21655,6854,14520,9363,4440,24,8,5
LCS,C9,2021-02-13,33.9,Bot,Zven,360,1,7,4,9,16382,270,19,12,1,16446,14385,1068,4679,19233,12306,4975,12,10,4
LCS,C9,2021-02-13,33.9,Support,Vulcan,526,1,2,5,17,9353,38,0,0,0,5351,767,3719,1595,15286,9458,4889,50,12,15
LCS,100,2021-02-13,33.9,Top,Ssumday,266,0,3,4,7,13328,230,40,12,9,16135,15946,80,13814,34627,15572,15266,20,12,9
LCS,100,2021-02-13,33.9,Jungle,Closer,163,0,5,8,4,10572,23,160,137,0,8295,610,6812,9097,24484,14706,8442,10,4,10
LCS,100,2021-02-13,33.9,Mid,Damonte,3,0,0,5,12,10601,223,5,3,0,8395,0,8224,3463,20432,14871,2965,12,1,9
LCS,100,2021-02-13,33.9,Bot,FBI,145,0,9,6,6,14848,278,28,16,0,21071,14986,5229,8356,21303,11028,7381,13,11,4
LCS,100,2021-02-13,33.9,Support,huhi,875,0,1,9,17,8729,49,4,0,0,7724,4597,650,868,23930,10506,11497,57,14,16
