League,team,date,min,role,name,hero,win,kills,deaths,assists,goldEarned,totalMinionsKilled,neutralMinionsKilled,neutralMinionsKilledTeamJungle,neutralMinionsKilledEnemyJungle,totalDamageDealtToChampions,physicalDamageDealtToChampions,magicDamageDealtToChampions,totalHeal,totalDamageTaken,physicalDamageTaken,magicalDamageTaken,wardsPlaced,wardsKilled,visionWardsBoughtInGame
LCK,NS,2021-02-18,32.06666666666667,Top,Rich,79,1,3,0,7,10944,187,10,5,0,20274,3089,17185,16333,27371,20640,6517,10,5,3
LCK,NS,2021-02-18,32.06666666666667,Jungle,Peanut,876,1,6,2,19,13762,21,205,124,37,27394,1564,19885,15907,30133,23028,6216,19,10,7
LCK,NS,2021-02-18,32.06666666666667,Mid,Bay,875,1,2,1,20,12055,185,8,4,4,17169,13801,448,8786,28060,14474,11865,11,8,7
LCK,NS,2021-02-18,32.06666666666667,Bot,deokdam,360,1,13,1,6,17111,273,20,4,12,22153,18460,3004,5180,15631,11340,3663,15,8,6
LCK,NS,2021-02-18,32.06666666666667,Support,Kellin,526,1,4,2,16,9018,33,0,0,0,9358,861,8083,2867,11748,8438,3200,57,6,18
LCK,HLE,2021-02-18,32.06666666666667,Top,DuDu,58,0,3,1,3,13087,250,24,8,0,25992,22548,3444,19038,45244,19197,22494,9,14,6
LCK,HLE,2021-02-18,32.06666666666667,Jungle,Arthur,72,0,0,8,5,7558,20,99,70,4,3924,1887,1408,6355,25039,14321,8784,11,10,13
LCK,HLE,2021-02-18,32.06666666666667,Mid,Chovy,268,0,0,5,3,12073,285,30,28,0,18066,528,17538,978,14323,6867,5863,13,13,5
LCK,HLE,2021-02-18,32.06666666666667,Bot,Deft,523,0,3,7,3,11594,213,16,13,0,21078,18387,759,3427,15093,8374,5602,11,9,4
LCK,HLE,2021-02-18,32.06666666666667,Support,Vsta,412,0,0,7,6,6294,28,0,0,0,5472,942,4529,2762,15983,6636,7577,46,4,18
