League,team,date,min,role,name,hero,win,kills,deaths,assists,goldEarned,totalMinionsKilled,neutralMinionsKilled,neutralMinionsKilledTeamJungle,neutralMinionsKilledEnemyJungle,totalDamageDealtToChampions,physicalDamageDealtToChampions,magicDamageDealtToChampions,totalHeal,totalDamageTaken,physicalDamageTaken,magicalDamageTaken,wardsPlaced,wardsKilled,visionWardsBoughtInGame
LEC,VIT,2021-02-26,31.666666666666668,Top,Szygenda,14,0,1,5,3,9347,217,0,0,0,11674,7154,4520,667,29541,21454,4510,17,8,7
LEC,VIT,2021-02-26,31.666666666666668,Jungle,Skeanz,876,0,1,2,4,8821,25,139,113,2,6317,295,4456,9917,22408,14341,7293,10,10,10
LEC,VIT,2021-02-26,31.666666666666668,Mid,Milica,268,0,2,4,2,11792,282,8,5,0,8872,262,8610,235,11105,8449,2090,12,3,4
LEC,VIT,2021-02-26,31.666666666666668,Bot,Crownshot,222,0,2,2,5,13335,332,9,8,1,14658,12384,1151,5245,11907,7016,4520,11,18,3
LEC,VIT,2021-02-26,31.666666666666668,Support,Labrov,412,0,1,3,5,6527,35,0,0,0,1903,181,1431,430,11353,6591,4100,48,10,16
LEC,G2,2021-02-26,31.666666666666668,Top,Wunder,875,1,2,1,6,13844,239,35,19,7,15366,12021,101,4103,21588,15678,5433,15,1,5
LEC,G2,2021-02-26,31.666666666666668,Jungle,Jankos,76,1,4,0,1,11487,38,169,108,18,7572,427,6724,20741,25474,19477,5662,7,15,5
LEC,G2,2021-02-26,31.666666666666668,Mid,Caps,236,1,5,1,6,15858,277,53,15,21,18347,15814,2245,499,13828,8886,4105,13,4,5
LEC,G2,2021-02-26,31.666666666666668,Bot,Rekkles,145,1,4,2,8,15348,290,47,22,17,16975,6887,8629,5843,12758,7887,4212,27,15,1
LEC,G2,2021-02-26,31.666666666666668,Support,Mikyx,53,1,1,3,9,8060,33,0,0,0,2978,755,1685,420,10294,4236,5385,61,14,23
