League,team,date,min,role,name,hero,win,kills,deaths,assists,goldEarned,totalMinionsKilled,neutralMinionsKilled,neutralMinionsKilledTeamJungle,neutralMinionsKilledEnemyJungle,totalDamageDealtToChampions,physicalDamageDealtToChampions,magicDamageDealtToChampions,totalHeal,totalDamageTaken,physicalDamageTaken,magicalDamageTaken,wardsPlaced,wardsKilled,visionWardsBoughtInGame
LCS,DIG,2021-03-01,34.18333333333333,Top,FakeGod,58,0,1,3,6,11799,235,9,1,2,12459,11312,1147,11026,34066,16750,15975,19,6,10
LCS,DIG,2021-03-01,34.18333333333333,Jungle,Dardoch,76,0,5,2,4,12152,41,186,113,26,14405,659,13084,21556,28901,21224,6142,7,30,7
LCS,DIG,2021-03-01,34.18333333333333,Mid,Soligo,268,0,2,3,3,11843,257,16,16,0,21969,249,21720,4919,18512,9227,8915,16,8,8
LCS,DIG,2021-03-01,34.18333333333333,Bot,Neo,145,0,2,3,2,11707,241,25,16,0,8790,5974,1894,3738,13039,7197,4728,16,5,7
LCS,DIG,2021-03-01,34.18333333333333,Support,aphromoo,12,0,0,4,9,6917,32,0,0,0,5151,265,4129,5842,15927,9923,4396,42,9,13
LCS,CLG,2021-03-01,34.18333333333333,Top,Finn,240,1,2,3,10,11831,194,12,4,4,13166,12830,0,6191,26038,11962,13829,19,3,8
LCS,CLG,2021-03-01,34.18333333333333,Jungle,Broxah,2,1,4,2,6,11098,36,150,114,4,11087,7767,0,14749,27625,16704,10123,12,7,11
LCS,CLG,2021-03-01,34.18333333333333,Mid,Pobelter,112,1,6,2,6,14612,276,20,17,0,31117,313,30804,2364,11243,5113,5732,17,5,8
LCS,CLG,2021-03-01,34.18333333333333,Bot,WildTurtle,18,1,2,2,9,14800,299,32,24,0,14135,11434,964,7556,15267,6828,7942,13,16,4
LCS,CLG,2021-03-01,34.18333333333333,Support,Smoothie,526,1,1,1,14,8139,29,0,0,0,5275,156,4543,2918,10714,2893,7421,59,4,19
