League,team,date,min,role,name,hero,win,kills,deaths,assists,goldEarned,totalMinionsKilled,neutralMinionsKilled,neutralMinionsKilledTeamJungle,neutralMinionsKilledEnemyJungle,totalDamageDealtToChampions,physicalDamageDealtToChampions,magicDamageDealtToChampions,totalHeal,totalDamageTaken,physicalDamageTaken,magicalDamageTaken,wardsPlaced,wardsKilled,visionWardsBoughtInGame
LCS,100,2021-02-06,49.8,Top,Ssumday,58,1,2,7,8,19204,374,18,13,0,24567,20128,3988,15543,59800,33645,23660,16,30,11
LCS,100,2021-02-06,49.8,Jungle,Closer,163,1,4,5,14,17976,52,229,159,13,22252,457,20121,12404,26098,14659,11253,18,8,12
LCS,100,2021-02-06,49.8,Mid,Damonte,134,1,7,3,9,21616,377,59,43,4,38928,290,36353,2099,15083,9044,5777,27,6,9
LCS,100,2021-02-06,49.8,Bot,FBI,145,1,6,3,12,22234,352,44,37,4,26844,13207,11835,14073,25391,18858,6291,19,20,6
LCS,100,2021-02-06,49.8,Support,huhi,89,1,2,5,15,12392,52,0,0,0,4615,1210,3405,1367,25265,11773,12930,112,32,32
LCS,CLG,2021-02-06,49.8,Top,Finn,79,0,2,3,12,15373,279,20,9,0,23669,3487,20145,26303,43485,20187,21184,18,10,7
LCS,CLG,2021-02-06,49.8,Jungle,Griffin,56,0,5,4,10,16433,57,227,150,7,20015,17298,1419,22962,45028,24811,19423,20,8,14
LCS,CLG,2021-02-06,49.8,Mid,rjs,61,0,8,3,12,20564,374,41,30,4,27273,638,26310,1233,13272,4258,8362,22,12,7
LCS,CLG,2021-02-06,49.8,Bot,WildTurtle,360,0,8,6,8,21630,347,57,48,0,23671,21289,1673,8104,32561,12529,18338,15,15,2
LCS,CLG,2021-02-06,49.8,Support,Smoothie,526,0,0,5,20,10662,52,0,0,0,8894,680,6835,1581,21009,7468,12585,92,18,29
