League,team,date,min,role,name,hero,win,kills,deaths,assists,goldEarned,totalMinionsKilled,neutralMinionsKilled,neutralMinionsKilledTeamJungle,neutralMinionsKilledEnemyJungle,totalDamageDealtToChampions,physicalDamageDealtToChampions,magicDamageDealtToChampions,totalHeal,totalDamageTaken,physicalDamageTaken,magicalDamageTaken,wardsPlaced,wardsKilled,visionWardsBoughtInGame
LEC,FNC,2021-03-06,26.966666666666665,Top,Bwipo,58,1,2,1,4,12300,240,20,0,3,9705,8882,822,9006,20951,13375,7042,15,8,6
LEC,FNC,2021-03-06,26.966666666666665,Jungle,Selfmade,163,1,2,2,11,10362,27,165,119,6,12403,633,10919,7952,15053,9825,5227,7,4,7
LEC,FNC,2021-03-06,26.966666666666665,Mid,Nisqy,4,1,1,1,11,11576,200,28,12,12,10203,1490,8610,3198,10360,4683,5645,8,0,0
LEC,FNC,2021-03-06,26.966666666666665,Bot,Upset,145,1,10,1,2,14356,241,13,12,1,14842,11000,3016,3176,7046,4266,2420,12,5,4
LEC,FNC,2021-03-06,26.966666666666665,Support,Hylissang,526,1,1,3,10,6927,30,0,0,0,3437,201,2819,2252,11069,6851,3418,43,7,18
LEC,SK,2021-03-06,26.966666666666665,Top,Jenax,14,0,0,2,4,8686,226,0,0,0,7685,5019,2666,1275,17201,9947,6692,11,6,3
LEC,SK,2021-03-06,26.966666666666665,Jungle,TynX,104,0,2,3,4,8283,21,147,123,1,5387,4436,622,5763,14610,9728,4793,5,6,3
LEC,SK,2021-03-06,26.966666666666665,Mid,Blue,13,0,4,5,2,10269,225,12,12,0,14699,632,14067,3129,16296,8099,7746,10,4,1
LEC,SK,2021-03-06,26.966666666666665,Bot,Jezu,18,0,2,2,5,8848,202,0,0,0,9634,7552,1303,2176,8745,5663,2855,12,5,6
LEC,SK,2021-03-06,26.966666666666665,Support,Treatz,12,0,0,4,8,5400,29,0,0,0,3393,380,2396,3605,11822,5181,5773,37,8,13
