League,team,date,min,role,name,hero,win,kills,deaths,assists,goldEarned,totalMinionsKilled,neutralMinionsKilled,neutralMinionsKilledTeamJungle,neutralMinionsKilledEnemyJungle,totalDamageDealtToChampions,physicalDamageDealtToChampions,magicDamageDealtToChampions,totalHeal,totalDamageTaken,physicalDamageTaken,magicalDamageTaken,wardsPlaced,wardsKilled,visionWardsBoughtInGame
LEC,AST,2021-03-05,30.283333333333335,Top,WhiteKnight,79,0,1,3,8,9281,186,4,1,0,11515,1115,10400,9084,21286,12002,6815,12,0,5
LEC,AST,2021-03-05,30.283333333333335,Jungle,Zanzarah,2,0,3,3,3,9499,20,163,136,4,11228,7242,0,15460,28469,17288,8657,9,10,8
LEC,AST,2021-03-05,30.283333333333335,Mid,MagiFelix,134,0,2,3,5,11009,219,8,8,0,16332,887,15370,2030,12791,5706,5314,16,4,7
LEC,AST,2021-03-05,30.283333333333335,Bot,Jeskla,498,0,2,4,1,10943,256,21,17,0,14485,14076,384,1935,12138,7794,3732,13,7,7
LEC,AST,2021-03-05,30.283333333333335,Support,promisq,526,0,1,6,4,6467,38,0,0,0,2545,191,2353,1412,14490,8033,4219,45,10,16
LEC,MSF,2021-03-05,30.283333333333335,Top,HiRit,14,1,2,0,9,10310,194,12,0,0,13438,8654,4784,5439,18691,12738,5879,12,6,6
LEC,MSF,2021-03-05,30.283333333333335,Jungle,Razork,876,1,3,1,11,11632,33,206,142,10,16448,603,10396,15603,30965,19967,10387,7,9,6
LEC,MSF,2021-03-05,30.283333333333335,Mid,Vetheo,777,1,7,3,8,14338,253,21,4,13,14308,9054,3233,3375,18061,8746,8119,10,6,4
LEC,MSF,2021-03-05,30.283333333333335,Bot,Kobbe,145,1,6,2,6,14361,279,23,16,0,15231,10802,3145,6562,14911,8840,5606,9,7,3
LEC,MSF,2021-03-05,30.283333333333335,Support,Vander,12,1,1,3,13,7593,31,0,0,0,5282,403,4020,7965,14961,8970,4251,56,9,18
