League,team,date,min,role,name,hero,win,kills,deaths,assists,goldEarned,totalMinionsKilled,neutralMinionsKilled,neutralMinionsKilledTeamJungle,neutralMinionsKilledEnemyJungle,totalDamageDealtToChampions,physicalDamageDealtToChampions,magicDamageDealtToChampions,totalHeal,totalDamageTaken,physicalDamageTaken,magicalDamageTaken,wardsPlaced,wardsKilled,visionWardsBoughtInGame
LCK,T1,2021-01-31,36.3,Top,Canna,84,0,4,7,2,11468,215,0,0,0,15201,2176,11365,6664,20522,11335,8855,13,4,7
LCK,T1,2021-01-31,36.3,Jungle,Cuzz,2,0,2,5,3,10777,36,162,73,23,12772,10653,0,17218,34143,19761,14154,15,11,14
LCK,T1,2021-01-31,36.3,Mid,Clozer,142,0,3,4,6,14098,259,12,12,0,28977,1134,25617,6828,17895,9730,7675,12,7,6
LCK,T1,2021-01-31,36.3,Bot,Teddy,145,0,2,3,4,14597,304,56,45,4,14436,7690,5464,6555,13630,10325,3278,19,20,7
LCK,T1,2021-01-31,36.3,Support,Keria,80,0,3,5,7,8676,40,0,0,0,12956,11441,112,3137,19474,10565,8556,60,5,19
LCK,AF,2021-01-31,36.3,Top,Kiin,79,1,3,3,13,12808,203,8,5,0,15792,2167,13625,20651,44890,20896,19984,14,11,10
LCK,AF,2021-01-31,36.3,Jungle,Dread,104,1,8,3,9,17224,112,191,111,36,17845,13814,2964,10558,23144,12370,9271,11,11,11
LCK,AF,2021-01-31,36.3,Mid,Fly,134,1,1,3,12,13282,247,36,33,2,15912,928,14983,2226,12391,8226,3686,13,9,4
LCK,AF,2021-01-31,36.3,Bot,Bang,360,1,12,1,7,17551,250,5,5,0,16394,14109,1922,6547,15700,8150,5536,23,18,10
LCK,AF,2021-01-31,36.3,Support,Lehends,111,1,0,4,17,9203,43,3,3,0,7620,1041,6579,2742,17760,8664,7413,53,8,17
