League,team,date,min,role,name,hero,win,kills,deaths,assists,goldEarned,totalMinionsKilled,neutralMinionsKilled,neutralMinionsKilledTeamJungle,neutralMinionsKilledEnemyJungle,totalDamageDealtToChampions,physicalDamageDealtToChampions,magicDamageDealtToChampions,totalHeal,totalDamageTaken,physicalDamageTaken,magicalDamageTaken,wardsPlaced,wardsKilled,visionWardsBoughtInGame
LCK,NS,2021-01-14,32.31666666666667,Top,Rich,126,1,3,3,2,11369,222,11,3,4,18080,16218,1862,3375,12523,8045,3513,20,16,9
LCK,NS,2021-01-14,32.31666666666667,Jungle,Peanut,76,1,2,0,4,11418,28,199,129,12,12245,755,11182,22763,28618,20132,7637,9,24,8
LCK,NS,2021-01-14,32.31666666666667,Mid,Bay,134,1,0,1,3,11804,295,8,8,0,11207,360,10846,1658,8008,4417,2794,20,2,10
LCK,NS,2021-01-14,32.31666666666667,Bot,deokdam,523,1,2,0,5,14901,272,40,24,4,13492,11378,1535,4994,11344,7789,2933,12,13,7
LCK,NS,2021-01-14,32.31666666666667,Support,Kellin,412,1,1,1,7,7489,33,0,0,0,4076,791,2632,2178,11095,7158,2848,59,8,19
LCK,LSB,2021-01-14,32.31666666666667,Top,Summit,150,0,1,1,1,11552,268,12,12,0,8050,7696,354,2879,18066,12286,5529,21,7,13
LCK,LSB,2021-01-14,32.31666666666667,Jungle,Croco,2,0,3,2,1,10110,25,147,112,0,8546,6531,151,15149,31472,21957,8980,14,14,12
LCK,LSB,2021-01-14,32.31666666666667,Mid,FATE,142,0,1,0,3,10833,244,12,12,0,13175,1067,10257,5243,9238,5207,3774,10,3,5
LCK,LSB,2021-01-14,32.31666666666667,Bot,Route,21,0,0,1,2,10319,249,5,5,0,8955,5548,2800,2818,11208,5820,5388,14,9,7
LCK,LSB,2021-01-14,32.31666666666667,Support,Effort,89,0,0,4,2,6255,40,0,0,0,1663,306,1357,383,13678,6664,6516,52,16,20
