League,team,date,min,role,name,hero,win,kills,deaths,assists,goldEarned,totalMinionsKilled,neutralMinionsKilled,neutralMinionsKilledTeamJungle,neutralMinionsKilledEnemyJungle,totalDamageDealtToChampions,physicalDamageDealtToChampions,magicDamageDealtToChampions,totalHeal,totalDamageTaken,physicalDamageTaken,magicalDamageTaken,wardsPlaced,wardsKilled,visionWardsBoughtInGame
LCK,GEN,2021-01-30,33.81666666666667,Top,Rascal,516,1,3,1,12,13566,281,14,3,4,14430,5284,9146,3680,23119,16067,5059,8,6,2
LCK,GEN,2021-01-30,33.81666666666667,Jungle,Flawless,80,1,2,3,12,10995,13,159,111,0,12250,10464,790,16300,32280,23860,7440,16,12,15
LCK,GEN,2021-01-30,33.81666666666667,Mid,Bdd,268,1,3,3,13,14178,276,24,20,0,29598,48,29174,1709,13612,9248,3695,19,8,9
LCK,GEN,2021-01-30,33.81666666666667,Bot,Ruler,145,1,14,1,4,19682,334,36,24,8,28697,20447,6214,9678,17285,11123,5608,40,19,9
LCK,GEN,2021-01-30,33.81666666666667,Support,Life,59,1,1,4,16,8391,18,0,0,0,8595,3790,3876,1951,10814,6666,2560,56,15,23
LCK,LSB,2021-01-30,33.81666666666667,Top,Summit,266,0,3,5,6,11993,263,2,1,0,15648,15648,0,13518,36776,22358,12566,15,5,6
LCK,LSB,2021-01-30,33.81666666666667,Jungle,Croco,2,0,3,4,9,10749,23,132,98,0,12776,7834,0,14683,31749,19571,11149,12,12,13
LCK,LSB,2021-01-30,33.81666666666667,Mid,FATE,4,0,4,3,7,15014,298,12,12,0,17948,896,16636,2089,15284,7615,7312,12,15,4
LCK,LSB,2021-01-30,33.81666666666667,Bot,Leo,498,0,1,6,5,10937,231,24,24,0,11789,11029,335,2042,18781,9138,9214,15,12,5
LCK,LSB,2021-01-30,33.81666666666667,Support,Effort,497,0,1,5,11,7533,41,4,0,0,3603,690,2913,4271,19820,7712,11439,61,21,19
