League,team,date,min,role,name,hero,win,kills,deaths,assists,goldEarned,totalMinionsKilled,neutralMinionsKilled,neutralMinionsKilledTeamJungle,neutralMinionsKilledEnemyJungle,totalDamageDealtToChampions,physicalDamageDealtToChampions,magicDamageDealtToChampions,totalHeal,totalDamageTaken,physicalDamageTaken,magicalDamageTaken,wardsPlaced,wardsKilled,visionWardsBoughtInGame
LCK,DK,2021-01-27,26.933333333333334,Top,Khan,516,1,2,0,11,9792,170,4,0,0,13136,4906,8230,4181,15287,7329,6860,13,7,7
LCK,DK,2021-01-27,26.933333333333334,Jungle,Canyon,77,1,1,1,11,9908,30,145,95,0,10937,3905,6038,17566,28764,16868,11155,12,11,11
LCK,DK,2021-01-27,26.933333333333334,Mid,ShowMaker,112,1,3,1,8,11575,218,17,9,1,15579,209,15369,1280,7247,4074,2685,16,3,6
LCK,DK,2021-01-27,26.933333333333334,Bot,Ghost,145,1,8,0,2,13078,230,19,8,7,11494,6730,4156,3781,9147,5980,2318,23,8,8
LCK,DK,2021-01-27,26.933333333333334,Support,BeryL,147,1,1,0,10,7235,23,0,0,0,5554,837,4717,4598,4202,3166,1036,34,13,10
LCK,GEN,2021-01-27,26.933333333333334,Top,Rascal,79,0,0,2,2,9139,213,10,5,4,13962,1279,12682,13270,26656,15522,10646,12,6,7
LCK,GEN,2021-01-27,26.933333333333334,Jungle,Flawless,2,0,1,4,0,7948,17,130,97,4,7234,4649,0,10916,24233,13492,10195,16,9,11
LCK,GEN,2021-01-27,26.933333333333334,Mid,Bdd,61,0,1,2,0,10168,239,20,20,0,7913,588,7324,2173,11859,4245,7442,12,6,7
LCK,GEN,2021-01-27,26.933333333333334,Bot,Ruler,498,0,0,4,0,9239,225,10,10,0,5187,5115,0,830,12629,5261,7090,11,3,6
LCK,GEN,2021-01-27,26.933333333333334,Support,Life,497,0,0,3,1,5291,31,0,0,0,2589,278,1794,1135,7222,1876,5227,67,14,20
