League,team,date,min,role,name,hero,win,kills,deaths,assists,goldEarned,totalMinionsKilled,neutralMinionsKilled,neutralMinionsKilledTeamJungle,neutralMinionsKilledEnemyJungle,totalDamageDealtToChampions,physicalDamageDealtToChampions,magicDamageDealtToChampions,totalHeal,totalDamageTaken,physicalDamageTaken,magicalDamageTaken,wardsPlaced,wardsKilled,visionWardsBoughtInGame
LEC,S04,2021-01-23,41.13333333333333,Top,BrokenBlade,79,0,1,1,3,14587,286,14,7,0,6864,671,6192,18756,29830,16408,12559,20,4,12
LEC,S04,2021-01-23,41.13333333333333,Jungle,Gilius,2,0,2,4,4,12587,34,192,123,4,13505,8409,0,24980,44183,26721,15872,14,21,15
LEC,S04,2021-01-23,41.13333333333333,Mid,Abbedagge,112,0,3,1,3,16358,323,70,56,13,16417,236,16180,3286,10364,5991,4094,18,12,5
LEC,S04,2021-01-23,41.13333333333333,Bot,Neon,21,0,4,2,3,17021,357,35,22,5,15468,12697,2347,3148,15281,10184,4675,20,15,9
LEC,S04,2021-01-23,41.13333333333333,Support,LIMIT,147,0,0,4,7,9192,33,0,0,0,4184,541,3617,8187,11589,6300,5100,60,14,17
LEC,XL,2021-01-23,41.13333333333333,Top,Kryze,117,1,1,0,5,12029,220,2,0,1,10942,2126,8691,6055,6885,4138,2614,15,3,3
LEC,XL,2021-01-23,41.13333333333333,Jungle,Dan,104,1,3,2,4,14570,69,203,158,3,16313,13032,2040,10785,23302,16176,6027,9,11,8
LEC,XL,2021-01-23,41.13333333333333,Mid,Czekolad,61,1,3,1,5,18773,404,28,24,4,17151,582,16544,2794,12016,5200,6633,17,9,4
LEC,XL,2021-01-23,41.13333333333333,Bot,Patrik,145,1,5,1,7,18062,344,31,21,4,26746,18184,7829,9230,19531,11085,6725,32,11,6
LEC,XL,2021-01-23,41.13333333333333,Support,Tore,89,1,0,6,9,8992,40,0,0,0,5983,1264,3502,828,19516,8521,8585,67,16,22
