League,team,date,min,role,name,win,hero,kill,death,assist,gold,lasthit,neutralKilled,neutralKilledTJungle,neutralKilledEJungle,totalDamageToChamp,pDamageToChamp,mDamageDealtToChamp,totalHeal,totalDamageTaken,pDamageTaken,mDamageTaken,wardsPlaced,wardsKilled,visionWardsBought
LPL,ES,2021-01-11,40.833333333333336,Top,zs,1,516,0,0,9,13487,258,13,6,0,8937,2480,5257,4973,18858,9305,6915,29,8,15
LPL,ES,2021-01-11,40.833333333333336,Jungle,H4cker,1,104,5,0,4,17411,335,252,156,21,14757,10735,2779,12854,19791,13199,6215,17,27,16
LPL,ES,2021-01-11,40.833333333333336,Mid,irma,1,134,4,1,7,16068,326,29,17,8,25395,842,23822,263,8044,4566,3477,27,8,12
LPL,ES,2021-01-11,40.833333333333336,Bot,rat,1,498,4,2,3,17546,374,45,25,14,11595,10637,160,2720,16599,6864,8946,20,16,7
LPL,ES,2021-01-11,40.833333333333336,Support,ShiauC,1,412,1,1,13,10106,42,0,0,0,5916,814,4230,1719,10903,4575,6138,94,14,26
LPL,BLG,2021-01-11,40.833333333333336,Top,Biubiu,0,85,1,6,0,13171,310,3,2,0,9226,664,8351,2815,18808,7250,10808,11,20,6
LPL,BLG,2021-01-11,40.833333333333336,Jungle,Meteor,0,2,1,2,0,11754,232,170,125,2,4535,2763,62,18400,31748,20636,10239,12,21,10
LPL,BLG,2021-01-11,40.833333333333336,Mid,Zeka,0,4,0,1,2,14838,325,9,9,0,10239,603,9485,4855,14229,7197,6342,18,15,7
LPL,BLG,2021-01-11,40.833333333333336,Bot,Aiming,0,145,1,2,2,18102,470,63,44,9,16349,9352,5964,6959,18734,13979,3758,14,18,4
LPL,BLG,2021-01-11,40.833333333333336,Support,Mark,0,79,1,3,2,8373,54,1,1,0,7245,156,6199,7386,18161,8513,8116,65,18,19
LPL,ES,2021-01-11,27.0,Top,zs,0,85,1,2,3,10256,249,9,3,0,9553,1108,8399,2640,11617,8301,2952,8,5,4
LPL,ES,2021-01-11,27.0,Jungle,H4cker,0,104,1,3,3,8375,170,129,104,6,8558,7037,603,5806,17286,11288,5664,8,12,7
LPL,ES,2021-01-11,27.0,Mid,irma,0,134,1,3,3,9442,235,14,12,2,7226,704,6521,46,10085,6154,3037,17,6,12
LPL,ES,2021-01-11,27.0,Bot,rat,0,498,1,3,1,9731,231,14,14,0,11265,11058,206,1627,18106,13732,4279,11,5,5
LPL,ES,2021-01-11,27.0,Support,ShiauC,0,412,2,7,0,6160,30,0,0,0,1849,390,1063,8,10596,9142,854,46,10,20
LPL,BLG,2021-01-11,27.0,Top,Biubiu,1,126,4,3,7,11050,216,28,21,3,16030,14432,1597,4507,12008,6848,4971,14,7,6
LPL,BLG,2021-01-11,27.0,Jungle,Meteor,1,2,2,0,7,10328,172,131,54,20,5948,4217,156,15511,23212,18785,3916,7,11,7
LPL,BLG,2021-01-11,27.0,Mid,Zeka,1,61,4,1,6,11986,265,16,9,0,10659,677,9982,920,7948,4076,3835,14,2,7
LPL,BLG,2021-01-11,27.0,Bot,Aiming,1,202,8,2,8,15047,271,27,17,10,15621,13435,2097,3937,11513,7868,3645,13,3,6
LPL,BLG,2021-01-11,27.0,Support,Mark,1,89,0,0,13,7706,36,0,0,0,3655,1043,1991,1842,11018,6349,4045,33,14,9
LPL,ES,2021-01-11,32.666666666666664,Top,zs,0,85,1,5,6,9869,199,4,0,0,9231,884,8012,4293,15976,10156,5263,11,4,5
LPL,ES,2021-01-11,32.666666666666664,Jungle,H4cker,0,2,2,3,4,10312,205,143,115,4,6769,5808,0,16496,31727,21949,9387,10,19,10
LPL,ES,2021-01-11,32.666666666666664,Mid,irma,0,134,2,3,3,11811,271,14,14,0,14206,956,13150,2020,12824,9493,3184,18,3,8
LPL,ES,2021-01-11,32.666666666666664,Bot,rat,0,145,5,4,3,14878,331,12,12,0,11880,7811,3736,7100,20568,15040,5408,10,6,4
LPL,ES,2021-01-11,32.666666666666664,Support,ShiauC,0,98,1,4,7,7676,52,4,0,0,3161,1451,896,1173,15788,11852,3756,88,16,21
LPL,BLG,2021-01-11,32.666666666666664,Top,Biubiu,1,126,4,4,10,13369,242,44,27,3,21452,19739,1687,4620,17009,9508,6813,19,12,10
LPL,BLG,2021-01-11,32.666666666666664,Jungle,Meteor,1,104,3,2,11,13589,252,191,116,28,12199,9243,2242,8960,18995,12267,6268,7,15,5
LPL,BLG,2021-01-11,32.666666666666664,Mid,Zeka,1,4,6,1,11,15159,253,21,13,4,15080,917,13988,3367,13241,6724,6189,9,9,5
LPL,BLG,2021-01-11,32.666666666666664,Bot,Aiming,1,202,5,2,4,15707,304,18,13,5,14248,10837,3305,2183,9665,5435,4205,13,9,4
LPL,BLG,2021-01-11,32.666666666666664,Support,Mark,1,89,1,2,9,9085,47,0,0,0,3822,434,3014,1798,12865,6234,5509,44,24,12
