League,team,date,min,role,name,win,hero,kill,death,assist,gold,lasthit,neutralKilled,neutralKilledTJungle,neutralKilledEJungle,totalDamageToChamp,pDamageToChamp,mDamageDealtToChamp,totalHeal,totalDamageTaken,pDamageTaken,mDamageTaken,wardsPlaced,wardsKilled,visionWardsBought
LPL,TT,2021-01-11,27.683333333333334,Top,Chelizi,0,266,0,4,2,8755,219,23,15,0,11636,11489,147,8321,22691,14696,6370,10,2,2
LPL,TT,2021-01-11,27.683333333333334,Jungle,bless,0,2,1,3,1,8389,171,143,103,0,6405,4372,272,12817,25011,16879,6654,4,9,4
LPL,TT,2021-01-11,27.683333333333334,Mid,Captain,0,7,1,4,1,9159,220,12,12,0,9679,636,8436,1599,13447,6173,6261,10,10,5
LPL,TT,2021-01-11,27.683333333333334,Bot,SamD,0,202,1,4,3,10423,266,7,7,0,8908,7756,864,2956,11030,6357,4483,11,12,6
LPL,TT,2021-01-11,27.683333333333334,Support,Teeen,0,89,1,3,3,5871,32,0,0,0,1858,632,841,1247,10102,5620,3621,44,8,16
LPL,RNG,2021-01-11,27.683333333333334,Top,Xiaohu,1,164,4,0,9,12476,228,18,9,0,12301,7748,794,7148,15802,12891,1811,9,1,3
LPL,RNG,2021-01-11,27.683333333333334,Jungle,Wei,1,80,6,1,10,11675,149,136,92,12,13610,12522,590,10629,23138,18845,3839,19,7,6
LPL,RNG,2021-01-11,27.683333333333334,Mid,Cryin,1,112,5,0,6,12780,288,37,35,0,18040,354,17589,1109,6530,2763,3689,10,2,3
LPL,RNG,2021-01-11,27.683333333333334,Bot,GALA,1,21,2,1,8,12187,280,14,9,0,9201,7868,1172,2289,8184,4358,3134,10,12,4
LPL,RNG,2021-01-11,27.683333333333334,Support,Ming,1,79,1,2,7,6952,38,0,0,0,5910,423,4834,4351,12062,8697,2647,39,7,10
LPL,TT,2021-01-11,28.233333333333334,Top,Chelizi,0,58,2,3,2,11004,239,16,7,0,6763,5652,1110,5909,20820,14596,5158,14,7,5
LPL,TT,2021-01-11,28.233333333333334,Jungle,bless,0,163,2,3,3,9284,179,157,95,19,11241,477,9937,8618,17047,10156,6462,6,9,7
LPL,TT,2021-01-11,28.233333333333334,Mid,Captain,0,126,0,4,3,9358,225,24,19,0,13846,12611,1234,4135,14220,8032,4627,9,16,6
LPL,TT,2021-01-11,28.233333333333334,Bot,SamD,0,202,2,4,2,10332,242,8,8,0,9418,7848,1465,2010,11030,7131,3062,10,4,4
LPL,TT,2021-01-11,28.233333333333334,Support,Teeen,0,89,0,5,4,6001,40,1,0,1,3399,1094,1592,197,11017,5643,4037,42,11,16
LPL,RNG,2021-01-11,28.233333333333334,Top,Xiaohu,1,79,4,3,9,9753,175,6,5,0,11530,1042,10487,6996,18020,11860,5395,11,3,4
LPL,RNG,2021-01-11,28.233333333333334,Jungle,Wei,1,876,3,1,11,9680,159,138,99,20,9538,51,6456,10948,21737,15502,6147,36,14,9
LPL,RNG,2021-01-11,28.233333333333334,Mid,Cryin,1,236,7,0,6,14670,297,27,12,4,15827,13130,1359,8242,12183,10161,1763,11,7,2
LPL,RNG,2021-01-11,28.233333333333334,Bot,GALA,1,498,5,0,7,12702,277,26,18,4,11802,11596,205,1665,9655,7586,2000,9,11,2
LPL,RNG,2021-01-11,28.233333333333334,Support,Ming,1,12,0,2,14,7202,31,1,1,0,4136,430,2846,6474,13628,7843,5321,38,7,8
