League,team,date,min,role,name,win,hero,kill,death,assist,gold,lasthit,neutralKilled,neutralKilledTJungle,neutralKilledEJungle,totalDamageToChamp,pDamageToChamp,mDamageDealtToChamp,totalHeal,totalDamageTaken,pDamageTaken,mDamageTaken,wardsPlaced,wardsKilled,visionWardsBought
LPL,FPX,2021-01-12,25.183333333333334,Top,Nuguri,1,79,2,0,8,11369,225,7,3,1,14180,2414,11765,12912,18863,15447,2581,10,2,5
LPL,FPX,2021-01-12,25.183333333333334,Jungle,Tian,1,2,3,0,4,9607,162,140,77,15,6705,4502,0,14462,20875,16552,3441,17,9,11
LPL,FPX,2021-01-12,25.183333333333334,Mid,Doinb,1,61,1,0,7,11552,267,52,44,1,7540,792,6748,2921,6919,4841,1971,10,1,1
LPL,FPX,2021-01-12,25.183333333333334,Bot,Lwx,1,145,8,1,3,12706,255,15,11,0,15065,9759,4178,8493,12417,7948,4075,11,10,3
LPL,FPX,2021-01-12,25.183333333333334,Support,Crisp,1,875,0,1,8,6466,34,0,0,0,3906,1912,67,1657,10478,7054,3118,40,8,14
LPL,OMG,2021-01-12,25.183333333333334,Top,New,0,58,0,3,1,7572,196,0,0,0,7694,6928,765,5732,21257,11583,8186,9,2,4
LPL,OMG,2021-01-12,25.183333333333334,Jungle,Aki,0,104,1,1,1,8327,188,155,116,11,9347,7419,865,6345,15390,9471,4985,7,7,5
LPL,OMG,2021-01-12,25.183333333333334,Mid,Wuming,0,3,0,2,2,8467,228,0,0,0,9078,8,8820,460,9100,5715,2553,12,4,4
LPL,OMG,2021-01-12,25.183333333333334,Bot,Eric,0,523,1,4,1,10257,241,18,11,4,9718,8163,346,3727,11754,6798,3718,8,10,4
LPL,OMG,2021-01-12,25.183333333333334,Support,COLD,0,412,0,4,2,5380,39,0,0,0,2626,549,2076,0,9555,3147,5639,37,11,12
LPL,FPX,2021-01-12,30.833333333333332,Top,Nuguri,1,164,1,2,4,14294,312,41,9,13,18381,9349,1057,10561,27055,17394,9145,7,8,4
LPL,FPX,2021-01-12,30.833333333333332,Jungle,Tian,1,104,4,3,7,11837,208,171,94,23,9449,7298,1790,9662,19046,12782,5855,12,15,11
LPL,FPX,2021-01-12,30.833333333333332,Mid,Doinb,1,4,1,2,10,13551,276,12,8,4,15016,1462,12744,2758,15600,8178,7062,14,7,3
LPL,FPX,2021-01-12,30.833333333333332,Bot,Lwx,1,145,10,2,2,15932,309,31,20,10,23351,15893,6535,6342,13503,6678,6824,15,11,5
LPL,FPX,2021-01-12,30.833333333333332,Support,Crisp,1,875,3,2,7,8383,42,0,0,0,6033,3714,344,1805,14599,5999,8438,59,15,21
LPL,OMG,2021-01-12,30.833333333333332,Top,New,0,24,2,3,2,11374,236,24,20,0,7997,5744,2218,6412,24898,16618,2846,12,2,3
LPL,OMG,2021-01-12,30.833333333333332,Jungle,Aki,0,76,4,4,4,9691,158,139,93,17,12374,1211,10505,19040,29820,19970,8507,21,8,8
LPL,OMG,2021-01-12,30.833333333333332,Mid,Wuming,0,112,0,4,6,10518,270,13,7,5,17370,135,17234,1368,15631,9593,4656,11,6,5
LPL,OMG,2021-01-12,30.833333333333332,Bot,Eric,0,202,5,3,2,13549,280,7,7,0,12405,10459,1607,5453,15559,9140,5302,24,13,2
LPL,OMG,2021-01-12,30.833333333333332,Support,COLD,0,12,0,5,6,6357,35,2,2,0,3569,486,2668,5927,15890,8201,4922,39,6,16
