League,team,date,min,role,name,win,hero,kill,death,assist,gold,lasthit,neutralKilled,neutralKilledTJungle,neutralKilledEJungle,totalDamageToChamp,pDamageToChamp,mDamageDealtToChamp,totalHeal,totalDamageTaken,pDamageTaken,mDamageTaken,wardsPlaced,wardsKilled,visionWardsBought
LPL,RW,2021-01-12,29.116666666666667,Top,Ziv,0,266,0,3,0,8648,219,17,8,0,8915,8915,0,4607,21227,13474,7599,8,8,4
LPL,RW,2021-01-12,29.116666666666667,Jungle,Haro,0,76,1,3,2,9081,178,145,92,14,8128,248,7653,14847,22963,14176,8625,27,16,7
LPL,RW,2021-01-12,29.116666666666667,Mid,Forge,0,142,0,3,1,9079,221,12,8,0,14426,984,12594,2976,12409,5747,5954,7,4,3
LPL,RW,2021-01-12,29.116666666666667,Bot,kelin,0,202,0,3,3,9409,214,4,0,0,11488,11009,478,2533,11587,5182,6213,8,5,5
LPL,RW,2021-01-12,29.116666666666667,Support,QiuQiu,0,3,2,5,1,6304,31,0,0,0,6529,49,5702,245,18575,9510,8540,40,4,12
LPL,TES,2021-01-12,29.116666666666667,Top,369,1,516,3,0,8,10575,194,2,0,1,11550,5005,6456,6311,26969,16119,10183,10,3,1
LPL,TES,2021-01-12,29.116666666666667,Jungle,Karsa,1,104,3,2,6,11621,218,186,97,35,11872,9826,1494,7947,16212,11466,4269,8,7,9
LPL,TES,2021-01-12,29.116666666666667,Mid,knight,1,112,5,0,6,13271,285,30,15,11,18618,249,18368,2324,9050,5769,2992,11,5,1
LPL,TES,2021-01-12,29.116666666666667,Bot,JackeyLove,1,145,6,1,5,14453,268,17,12,5,18380,12407,5356,5856,13251,7630,5620,10,10,5
LPL,TES,2021-01-12,29.116666666666667,Support,Zhuo,1,12,0,0,10,6787,32,0,0,0,3692,371,2836,5812,8834,3251,5162,49,12,15
LPL,RW,2021-01-12,42.016666666666666,Top,Ziv,1,58,6,1,9,15671,254,4,4,0,11927,10573,1353,12149,41550,19741,19203,10,9,8
LPL,RW,2021-01-12,42.016666666666666,Jungle,Haro,1,76,7,4,9,17832,287,239,157,13,23359,1126,21443,31806,38845,23831,13570,46,21,10
LPL,RW,2021-01-12,42.016666666666666,Mid,Forge,1,126,4,2,10,15707,305,33,22,2,34121,30850,3270,8916,23290,13080,9346,23,15,8
LPL,RW,2021-01-12,42.016666666666666,Bot,kelin,1,523,4,8,9,19246,376,28,23,1,25271,22179,2289,3832,26298,13792,11181,19,11,8
LPL,RW,2021-01-12,42.016666666666666,Support,QiuQiu,1,412,0,9,12,9390,37,0,0,0,2965,310,2654,1146,21927,8410,11816,74,13,22
LPL,TES,2021-01-12,42.016666666666666,Top,369,0,85,2,6,6,14238,307,14,13,0,20013,1992,17341,6674,25952,15225,10483,15,12,11
LPL,TES,2021-01-12,42.016666666666666,Jungle,Karsa,0,104,6,3,7,16948,339,236,163,23,16265,12780,2408,11416,26513,20679,5580,16,15,15
LPL,TES,2021-01-12,42.016666666666666,Mid,knight,0,142,2,4,15,15103,305,24,22,2,34460,1726,29150,10770,20323,13113,6708,9,7,4
LPL,TES,2021-01-12,42.016666666666666,Bot,JackeyLove,0,145,10,6,11,18979,355,31,23,0,34683,23575,10483,11280,31780,25832,5596,14,13,7
LPL,TES,2021-01-12,42.016666666666666,Support,Zhuo,0,875,4,2,10,10831,78,0,0,0,8335,5754,607,3122,24163,18622,5298,94,40,30
LPL,RW,2021-01-12,33.95,Top,Ziv,1,150,5,2,5,13133,223,10,0,5,14624,13148,1475,7213,25192,15806,8645,9,9,4
LPL,RW,2021-01-12,33.95,Jungle,Haro,1,76,5,1,3,13431,213,182,92,33,16383,517,15434,27870,31625,22011,9539,24,13,7
LPL,RW,2021-01-12,33.95,Mid,Forge,1,4,5,2,11,17446,292,38,33,0,20692,1040,19384,4535,21895,12178,9360,11,4,8
LPL,RW,2021-01-12,33.95,Bot,kelin,1,145,4,2,9,15319,305,18,8,6,15744,10150,5244,11651,22188,12821,9016,14,10,5
LPL,RW,2021-01-12,33.95,Support,QiuQiu,1,89,2,5,10,8788,39,0,0,0,4541,650,2946,3350,21013,13247,7506,52,14,13
LPL,TES,2021-01-12,33.95,Top,369,0,126,4,4,5,11394,223,5,1,0,22123,19600,2523,5675,19042,7677,11029,15,13,4
LPL,TES,2021-01-12,33.95,Jungle,Karsa,0,104,2,4,5,12240,264,173,105,21,13557,9359,3688,4235,14384,7427,6734,14,10,12
LPL,TES,2021-01-12,33.95,Mid,knight,0,112,2,5,4,12133,268,27,22,4,26516,376,26140,1588,14850,6455,8207,16,6,6
LPL,TES,2021-01-12,33.95,Bot,JackeyLove,0,202,4,3,5,13504,280,18,17,0,16627,13400,2958,5230,17223,7108,10042,11,11,7
LPL,TES,2021-01-12,33.95,Support,Zhuo,0,12,0,5,8,6898,31,0,0,0,4729,274,3450,8255,22142,11403,9564,58,10,18
