League,team,date,min,role,name,win,hero,kill,death,assist,gold,lasthit,neutralKilled,neutralKilledTJungle,neutralKilledEJungle,totalDamageToChamp,pDamageToChamp,mDamageDealtToChamp,totalHeal,totalDamageTaken,pDamageTaken,mDamageTaken,wardsPlaced,wardsKilled,visionWardsBought
LPL,WE,2021-01-13,27.7,Top,Breathe,1,98,3,1,13,11158,223,7,1,0,10240,6799,3441,5124,15765,11182,4069,17,3,9
LPL,WE,2021-01-13,27.7,Jungle,beishang,1,80,5,2,8,11224,185,162,99,16,10103,9080,467,14099,24347,17975,6025,9,8,8
LPL,WE,2021-01-13,27.7,Mid,Shanks,1,61,5,0,9,12913,268,20,20,0,12547,920,11523,1740,7841,4034,3594,16,12,6
LPL,WE,2021-01-13,27.7,Bot,Jiumeng,1,145,5,0,11,13371,254,19,8,7,15427,10937,4369,5619,10496,7915,2491,12,7,6
LPL,WE,2021-01-13,27.7,Support,Missing,1,3,2,5,12,7569,35,0,0,0,5361,221,4554,1717,13526,9965,3260,37,9,10
LPL,V5,2021-01-13,27.7,Top,LANGX,0,516,0,4,3,7517,163,14,8,0,7372,2561,4810,884,20904,12826,7658,11,3,5
LPL,V5,2021-01-13,27.7,Jungle,Weiwei,0,104,5,5,3,9823,149,132,94,5,11070,8926,1307,5747,15326,9450,5755,8,13,8
LPL,V5,2021-01-13,27.7,Mid,Mole,0,134,0,3,3,8957,217,8,8,0,9302,551,8751,3,8659,4332,4326,10,6,6
LPL,V5,2021-01-13,27.7,Bot,y4,0,498,3,3,4,10878,248,12,12,0,16767,16185,582,889,11117,7516,3516,12,11,4
LPL,V5,2021-01-13,27.7,Support,ppgod,0,89,0,5,6,5952,34,0,0,0,2421,464,1332,1043,11332,6294,4295,42,12,12
LPL,V5,2021-01-13,34.2,Top,LANGX,1,150,3,0,5,14565,324,42,15,20,13141,11456,1268,7230,14047,9175,4748,13,10,2
LPL,V5,2021-01-13,34.2,Jungle,Weiwei,1,80,0,0,6,10143,186,163,83,25,7852,6348,1471,18434,29583,23706,5709,37,21,10
LPL,V5,2021-01-13,34.2,Mid,Mole,1,134,5,0,7,13778,291,32,22,7,22615,1062,21328,3151,10480,4846,5634,15,7,7
LPL,V5,2021-01-13,34.2,Bot,y4,1,202,5,0,4,14140,298,48,27,19,14002,11895,1461,3376,13571,9366,4147,17,5,7
LPL,V5,2021-01-13,34.2,Support,ppgod,1,98,1,2,7,8240,51,4,0,0,2658,1516,1141,1850,12533,7163,4552,86,26,12
LPL,WE,2021-01-13,34.2,Top,Breathe,0,266,0,1,0,11058,276,28,21,0,4131,4131,0,3851,17710,11447,6078,18,7,8
LPL,WE,2021-01-13,34.2,Jungle,beishang,0,113,1,2,0,8619,159,110,86,4,6484,3061,2814,8732,21791,15411,6075,10,20,11
LPL,WE,2021-01-13,34.2,Mid,Shanks,0,112,0,5,0,10320,261,9,8,0,14275,159,14066,2259,14368,6005,8215,17,11,8
LPL,WE,2021-01-13,34.2,Bot,Jiumeng,0,360,1,2,0,12612,312,24,16,1,8445,7665,780,2567,20388,16726,3443,18,14,8
LPL,WE,2021-01-13,34.2,Support,Missing,0,89,0,4,2,7033,61,0,0,0,3000,483,2010,533,14483,9315,4704,63,30,13
LPL,WE,2021-01-13,35.9,Top,Breathe,1,516,3,1,10,13041,249,10,3,0,14770,5310,9460,3314,17238,10377,4595,22,8,10
LPL,WE,2021-01-13,35.9,Jungle,beishang,1,104,6,3,5,15367,290,233,140,28,12262,8947,2097,7880,19272,13959,4497,12,19,11
LPL,WE,2021-01-13,35.9,Mid,Shanks,1,134,2,2,7,14397,315,26,22,0,17244,1533,15589,1396,9541,5172,3985,17,8,6
LPL,WE,2021-01-13,35.9,Bot,Jiumeng,1,360,5,4,10,15916,302,38,30,0,20788,17406,2697,6552,20997,17396,2740,22,10,11
LPL,WE,2021-01-13,35.9,Support,Missing,1,79,1,5,8,8902,52,4,0,0,10541,457,9363,7442,20658,13595,4674,68,16,17
LPL,V5,2021-01-13,35.9,Top,LANGX,0,164,2,3,7,14698,296,32,28,3,13128,10178,987,8219,27031,14230,12492,13,11,7
LPL,V5,2021-01-13,35.9,Jungle,Weiwei,0,2,3,5,8,11659,168,145,115,4,10827,7939,182,16944,34280,22807,10405,15,9,15
LPL,V5,2021-01-13,35.9,Mid,Mole,0,84,6,4,3,14185,264,10,5,0,17593,1801,15451,4054,22015,11534,9686,10,7,6
LPL,V5,2021-01-13,35.9,Bot,y4,0,202,3,2,9,14130,310,23,23,0,12716,10998,1717,2470,14149,10398,3462,16,13,8
LPL,V5,2021-01-13,35.9,Support,ppgod,0,875,1,3,5,7866,46,0,0,0,5228,3254,267,1990,13822,6656,6881,62,22,12
