League,team,date,min,role,name,win,hero,kill,death,assist,gold,lasthit,neutralKilled,neutralKilledTJungle,neutralKilledEJungle,totalDamageToChamp,pDamageToChamp,mDamageDealtToChamp,totalHeal,totalDamageTaken,pDamageTaken,mDamageTaken,wardsPlaced,wardsKilled,visionWardsBought
LPL,LNG,2021-01-13,28.866666666666667,Top,M1kuya,1,150,0,1,4,11152,249,16,5,8,3195,3146,48,3125,14408,8306,6102,13,3,4
LPL,LNG,2021-01-13,28.866666666666667,Jungle,Tarzan,1,80,1,0,8,10379,184,167,103,5,5151,4384,519,17883,28048,21823,5895,24,10,6
LPL,LNG,2021-01-13,28.866666666666667,Mid,icon,1,61,5,0,8,12960,276,28,13,14,11629,623,11005,3386,9603,4477,4998,10,7,2
LPL,LNG,2021-01-13,28.866666666666667,Bot,Light,1,18,6,0,7,15688,302,47,23,12,15761,12431,968,3928,6796,5250,1502,11,9,3
LPL,LNG,2021-01-13,28.866666666666667,Support,Iwandy,1,89,1,0,9,7450,42,0,0,0,2245,870,885,2034,7027,3296,3549,57,16,17
LPL,IG,2021-01-13,28.866666666666667,Top,TheShy,0,43,0,2,0,9235,237,4,4,0,5916,721,5195,785,7529,4412,2802,8,6,5
LPL,IG,2021-01-13,28.866666666666667,Jungle,XUN,0,104,0,2,1,9222,206,163,119,8,5344,4675,641,6010,13109,9962,2575,11,17,10
LPL,IG,2021-01-13,28.866666666666667,Mid,Rookie,0,142,0,2,1,9452,243,8,8,0,10651,571,9425,4112,10691,4590,5771,9,20,5
LPL,IG,2021-01-13,28.866666666666667,Bot,Wink,0,202,1,3,0,9968,250,8,4,0,7470,7033,437,2951,10988,8798,1673,15,4,6
LPL,IG,2021-01-13,28.866666666666667,Support,Baolan,0,3,0,4,1,5903,31,0,0,0,2627,48,2579,80,11423,8377,1680,48,7,14
