League,team,date,min,role,name,win,hero,kill,death,assist,gold,lasthit,neutralKilled,neutralKilledTJungle,neutralKilledEJungle,totalDamageToChamp,pDamageToChamp,mDamageDealtToChamp,totalHeal,totalDamageTaken,pDamageTaken,mDamageTaken,wardsPlaced,wardsKilled,visionWardsBought
LPL,BLG,2021-01-14,44.083333333333336,Top,Biubiu,0,516,0,6,15,13415,236,3,1,0,18197,6158,11075,3159,36454,23167,9969,23,11,8
LPL,BLG,2021-01-14,44.083333333333336,Jungle,Meteor,0,104,9,5,9,21545,379,255,178,7,37979,29152,4078,8630,27460,18450,7411,6,24,6
LPL,BLG,2021-01-14,44.083333333333336,Mid,Zeka,0,3,3,4,13,15256,304,20,12,0,26590,34,25871,3655,27816,19185,4924,17,9,13
LPL,BLG,2021-01-14,44.083333333333336,Bot,Aiming,0,360,7,5,9,20038,376,26,22,2,43556,34086,3487,8975,31686,22323,7261,17,24,8
LPL,BLG,2021-01-14,44.083333333333336,Support,Mark,0,79,2,5,15,10767,49,0,0,0,13466,633,10963,12060,32420,18159,10522,78,22,25
LPL,JDG,2021-01-14,44.083333333333336,Top,Zoom,1,266,4,4,16,17937,365,40,25,9,43234,41773,659,46247,77023,44336,21305,24,9,8
LPL,JDG,2021-01-14,44.083333333333336,Jungle,Kanavi,1,876,2,4,14,14754,252,201,153,8,17191,379,10763,29748,46127,29960,14704,38,12,12
LPL,JDG,2021-01-14,44.083333333333336,Mid,Yagao,1,4,2,4,10,16992,332,26,16,4,19242,2590,15835,8662,25789,14088,10974,7,13,6
LPL,JDG,2021-01-14,44.083333333333336,Bot,LokeN,1,145,16,3,5,23717,437,56,32,0,42833,30082,6833,12538,21473,14298,6532,30,21,4
LPL,JDG,2021-01-14,44.083333333333336,Support,LvMao,1,412,1,6,19,10118,46,0,0,0,4118,501,2819,4238,21359,11180,8928,75,20,18
LPL,JDG,2021-01-14,30.533333333333335,Top,Zoom,1,150,3,3,7,14018,309,48,11,20,21352,18993,2359,4833,14150,8401,3526,10,3,1
LPL,JDG,2021-01-14,30.533333333333335,Jungle,Kanavi,1,876,7,0,9,13560,241,199,131,19,21754,990,15554,14381,24435,19499,4524,27,17,6
LPL,JDG,2021-01-14,30.533333333333335,Mid,Yagao,1,4,4,2,7,14672,287,16,5,4,8272,1846,6426,1908,10795,6298,3057,7,6,3
LPL,JDG,2021-01-14,30.533333333333335,Bot,LokeN,1,67,4,1,5,12449,260,16,7,4,9988,7476,0,1433,7270,5586,1541,10,11,3
LPL,JDG,2021-01-14,30.533333333333335,Support,LvMao,1,875,1,2,7,7489,40,0,0,0,5136,2771,224,356,9794,6328,3051,45,12,10
LPL,BLG,2021-01-14,30.533333333333335,Top,Biubiu,0,164,1,4,4,11368,259,8,0,5,8957,5472,1266,7236,23511,17422,4709,11,4,5
LPL,BLG,2021-01-14,30.533333333333335,Jungle,Meteor,0,104,2,3,3,10312,212,159,125,0,10079,8358,1052,6875,17505,10234,5206,8,14,7
LPL,BLG,2021-01-14,30.533333333333335,Mid,Zeka,0,3,1,3,4,10027,234,0,0,0,7098,103,6994,413,14427,7259,5051,15,4,11
LPL,BLG,2021-01-14,30.533333333333335,Bot,Aiming,0,360,3,4,0,11301,245,6,6,0,9702,8506,1043,3528,17528,10619,4527,13,7,5
LPL,BLG,2021-01-14,30.533333333333335,Support,Mark,0,79,1,5,3,6932,35,0,0,0,3370,188,2592,3955,16167,8414,5833,43,14,13
