League,team,date,min,role,name,win,hero,kill,death,assist,gold,lasthit,neutralKilled,neutralKilledTJungle,neutralKilledEJungle,totalDamageToChamp,pDamageToChamp,mDamageDealtToChamp,totalHeal,totalDamageTaken,pDamageTaken,mDamageTaken,wardsPlaced,wardsKilled,visionWardsBought
LPL,RNG,2021-01-14,43.8,Top,Xiaohu,1,61,3,3,16,18441,356,59,41,5,37329,884,36445,3504,19080,12918,5233,21,9,7
LPL,RNG,2021-01-14,43.8,Jungle,Wei,1,80,7,1,10,15855,201,153,74,23,23803,20219,2383,22649,42400,27610,13456,61,29,22
LPL,RNG,2021-01-14,43.8,Mid,Cryin,1,13,4,4,8,20049,449,80,44,5,20240,159,19706,5960,22954,13452,9356,19,5,6
LPL,RNG,2021-01-14,43.8,Bot,GALA,1,145,8,3,10,23095,464,72,37,26,28310,18925,6076,16543,26461,14607,11296,16,13,4
LPL,RNG,2021-01-14,43.8,Support,Ming,1,89,0,5,17,10940,47,0,0,0,6447,1235,4054,1325,21873,10951,7342,84,23,26
LPL,SN,2021-01-14,43.8,Top,Bin,0,266,3,3,6,14668,309,41,28,0,11550,11550,0,15657,40442,18622,20311,21,15,9
LPL,SN,2021-01-14,43.8,Jungle,SofM,0,2,2,6,8,12188,227,149,105,11,11948,8431,0,17625,52410,30885,19785,17,45,14
LPL,SN,2021-01-14,43.8,Mid,Angel,0,112,6,3,7,20269,453,35,31,0,35231,0,34701,5309,17073,7508,8566,20,12,8
LPL,SN,2021-01-14,43.8,Bot,huanfeng,0,523,4,4,8,19155,454,43,39,0,24117,21187,431,6303,21415,9024,11959,17,18,5
LPL,SN,2021-01-14,43.8,Support,ON,0,3,1,6,10,9109,50,0,0,0,5986,150,5835,2630,24289,11563,11363,81,20,16
LPL,RNG,2021-01-14,32.85,Top,Xiaohu,0,54,0,3,4,9757,208,1,1,0,11311,1142,10168,3145,16602,7593,8442,14,6,9
LPL,RNG,2021-01-14,32.85,Jungle,Wei,0,2,2,7,2,9669,150,128,98,4,10457,7477,0,14908,37699,25855,10872,13,16,12
LPL,RNG,2021-01-14,32.85,Mid,Cryin,0,61,2,2,3,12490,289,54,53,0,14288,261,14027,1335,11559,3662,7863,13,4,3
LPL,RNG,2021-01-14,32.85,Bot,GALA,0,145,3,5,4,13888,329,25,21,0,14642,10549,2718,6213,16882,9206,7555,12,12,5
LPL,RNG,2021-01-14,32.85,Support,Ming,0,89,1,3,4,7209,38,0,0,0,2790,608,1770,2012,13823,7427,5620,58,12,17
LPL,SN,2021-01-14,32.85,Top,Bin,1,517,3,0,10,12370,254,23,8,1,13494,162,13264,7837,18381,10869,6310,14,4,9
LPL,SN,2021-01-14,32.85,Jungle,SofM,1,80,4,4,8,11552,201,179,122,3,13458,11089,1558,15516,30968,18350,11038,15,9,12
LPL,SN,2021-01-14,32.85,Mid,Angel,1,112,8,1,7,13782,300,31,21,6,18993,156,18837,3947,12227,4805,7397,16,2,5
LPL,SN,2021-01-14,32.85,Bot,huanfeng,1,523,3,0,16,16056,357,52,33,6,26083,23422,1456,5400,9248,6201,2373,16,23,5
LPL,SN,2021-01-14,32.85,Support,ON,1,412,2,3,7,7531,41,0,0,0,3067,402,2278,1500,9593,4715,3589,52,21,14
LPL,SN,2021-01-14,42.75,Top,Bin,0,266,0,1,0,14418,357,45,31,0,11546,11546,0,13921,33163,16517,15888,19,10,5
LPL,SN,2021-01-14,42.75,Jungle,SofM,0,76,0,3,1,12276,249,185,137,3,9770,235,9197,20639,31460,21735,8577,83,56,17
LPL,SN,2021-01-14,42.75,Mid,Angel,0,268,1,2,0,17708,458,52,47,0,15524,163,15360,2802,13951,9487,4327,21,11,9
LPL,SN,2021-01-14,42.75,Bot,huanfeng,0,360,1,2,0,18426,473,55,49,0,10915,10082,629,4918,17783,11926,5602,16,20,4
LPL,SN,2021-01-14,42.75,Support,ON,0,57,0,4,1,8105,40,0,0,0,16941,465,15614,1798,9804,5806,3748,45,14,6
LPL,RNG,2021-01-14,42.75,Top,Xiaohu,1,150,4,0,3,19142,444,33,25,0,19147,15009,4138,13924,31064,19425,10978,17,23,4
LPL,RNG,2021-01-14,42.75,Jungle,Wei,1,876,3,2,2,11549,200,167,127,2,9430,455,7219,16572,30702,21047,9457,45,16,26
LPL,RNG,2021-01-14,42.75,Mid,Cryin,1,61,2,0,7,17445,403,66,49,0,19660,330,19079,5460,11793,5361,6432,20,20,6
LPL,RNG,2021-01-14,42.75,Bot,GALA,1,498,2,0,7,19030,495,56,40,0,16789,15817,972,2801,9932,3787,6034,17,16,7
LPL,RNG,2021-01-14,42.75,Support,Ming,1,12,1,0,8,8667,41,0,0,0,3471,405,2525,11709,18854,6684,11734,102,15,28
