League,team,date,min,role,name,win,hero,kill,death,assist,gold,lasthit,neutralKilled,neutralKilledTJungle,neutralKilledEJungle,totalDamageToChamp,pDamageToChamp,mDamageDealtToChamp,totalHeal,totalDamageTaken,pDamageTaken,mDamageTaken,wardsPlaced,wardsKilled,visionWardsBought
LPL,RW,2021-01-15,27.983333333333334,Top,Ziv,0,150,1,2,4,9979,206,4,0,0,11564,10148,1416,2937,16747,11295,4968,7,10,4
LPL,RW,2021-01-15,27.983333333333334,Jungle,Haro,0,120,1,4,5,9330,171,156,118,5,6150,4567,1229,14601,27546,19793,7364,7,8,7
LPL,RW,2021-01-15,27.983333333333334,Mid,Forge,0,3,2,4,3,8745,199,4,4,0,11098,0,11098,1464,16342,12214,3252,15,2,8
LPL,RW,2021-01-15,27.983333333333334,Bot,Michi,0,145,3,2,2,10747,252,6,6,0,10159,6668,2743,4014,11209,9837,1156,20,7,3
LPL,RW,2021-01-15,27.983333333333334,Support,QiuQiu,0,89,0,7,3,5501,32,0,0,0,2460,548,1403,516,13901,8296,4511,41,12,14
LPL,ES,2021-01-15,27.983333333333334,Top,zs,1,126,4,1,8,11345,215,12,2,1,15738,13869,1869,3288,9972,6835,2947,9,10,5
LPL,ES,2021-01-15,27.983333333333334,Jungle,H4cker,1,80,0,3,10,9103,168,145,112,0,6249,5631,289,11689,24161,16562,7314,21,6,5
LPL,ES,2021-01-15,27.983333333333334,Mid,irma,1,61,8,2,8,13646,246,22,11,8,15699,1952,13373,414,8511,5194,3236,10,8,3
LPL,ES,2021-01-15,27.983333333333334,Bot,rat,1,498,6,0,12,13027,262,16,12,4,19817,18078,0,754,6899,3548,3101,13,12,6
LPL,ES,2021-01-15,27.983333333333334,Support,ShiauC,1,12,1,1,16,7384,31,0,0,0,3733,276,2841,11676,14183,8395,4983,45,8,12
LPL,ES,2021-01-15,30.883333333333333,Top,zs,1,58,1,2,6,10588,218,24,13,0,7544,6850,693,4965,17936,11858,5740,16,7,7
LPL,ES,2021-01-15,30.883333333333333,Jungle,H4cker,1,80,10,0,4,13572,188,161,87,23,17181,15336,1217,16649,27207,18244,8856,19,9,7
LPL,ES,2021-01-15,30.883333333333333,Mid,irma,1,61,4,1,11,12570,234,20,12,8,18201,779,17421,1544,8352,6039,2212,17,7,7
LPL,ES,2021-01-15,30.883333333333333,Bot,rat,1,498,6,0,9,15999,339,50,18,24,17964,16013,71,1634,6788,3606,2787,16,10,8
LPL,ES,2021-01-15,30.883333333333333,Support,ShiauC,1,497,1,1,17,8970,22,0,0,0,8659,1253,6773,3374,5642,3751,1890,92,20,19
LPL,RW,2021-01-15,30.883333333333333,Top,Ziv,0,150,1,3,2,10648,247,5,3,0,11862,10236,1625,4040,19691,9482,9373,11,16,7
LPL,RW,2021-01-15,30.883333333333333,Jungle,Haro,0,266,2,4,1,8879,156,120,83,13,6212,5860,0,13594,29249,22483,5994,13,18,13
LPL,RW,2021-01-15,30.883333333333333,Mid,Forge,0,134,1,7,3,9759,232,14,13,0,13196,138,13008,788,13814,8516,4819,13,5,8
LPL,RW,2021-01-15,30.883333333333333,Bot,Michi,0,360,0,3,3,10630,262,13,9,0,5711,5157,553,3137,15289,11611,3415,14,13,8
LPL,RW,2021-01-15,30.883333333333333,Support,QiuQiu,0,12,0,5,3,5996,36,0,0,0,3048,222,2289,4276,14329,9499,4039,55,14,19
