League,team,date,min,role,name,win,hero,kill,death,assist,gold,lasthit,neutralKilled,neutralKilledTJungle,neutralKilledEJungle,totalDamageToChamp,pDamageToChamp,mDamageDealtToChamp,totalHeal,totalDamageTaken,pDamageTaken,mDamageTaken,wardsPlaced,wardsKilled,visionWardsBought
LPL,TES,2021-01-15,29.366666666666667,Top,369,1,58,3,0,8,14289,288,20,1,15,10641,9787,853,13365,29295,15079,13123,8,6,4
LPL,TES,2021-01-15,29.366666666666667,Jungle,Karsa,1,113,0,2,14,11335,202,184,93,14,5608,2021,3061,13845,28648,19132,9280,10,6,11
LPL,TES,2021-01-15,29.366666666666667,Mid,knight,1,134,7,1,6,14517,293,26,16,4,13544,544,13000,2268,8314,4295,3876,8,7,4
LPL,TES,2021-01-15,29.366666666666667,Bot,JackeyLove,1,145,11,2,2,15483,280,29,12,13,16263,12120,3709,5476,14299,8853,5064,8,4,4
LPL,TES,2021-01-15,29.366666666666667,Support,Zhuo,1,875,0,2,9,7511,43,2,0,2,3719,2665,0,2206,13487,7276,5844,60,21,20
LPL,RA,2021-01-15,29.366666666666667,Top,Cube,0,85,3,5,3,10605,215,0,0,0,14807,2026,12173,1797,14131,9016,4855,13,5,5
LPL,RA,2021-01-15,29.366666666666667,Jungle,Aix,0,104,1,4,5,9377,192,130,106,8,7720,5976,1137,7569,19232,13024,5946,8,9,7
LPL,RA,2021-01-15,29.366666666666667,Mid,FoFo,0,61,3,2,4,12774,292,18,18,0,18874,543,18330,948,9739,6702,2846,10,6,3
LPL,RA,2021-01-15,29.366666666666667,Bot,iBoy,0,523,0,5,2,10383,263,8,6,0,10285,8992,287,2239,12692,8178,3717,12,9,4
LPL,RA,2021-01-15,29.366666666666667,Support,Hang,0,412,0,5,4,6056,35,0,0,0,1682,164,1518,904,9069,4119,4446,47,11,15
LPL,TES,2021-01-15,29.666666666666668,Top,369,1,516,1,0,7,10600,258,12,8,0,12739,4416,8323,4718,17092,13503,2682,14,4,5
LPL,TES,2021-01-15,29.666666666666668,Jungle,Karsa,1,64,3,1,7,10726,169,146,101,1,6361,5110,1179,12198,26026,22407,3087,21,8,11
LPL,TES,2021-01-15,29.666666666666668,Mid,knight,1,142,4,0,5,11990,250,16,16,0,23116,899,19968,4000,9710,6470,1295,3,3,0
LPL,TES,2021-01-15,29.666666666666668,Bot,JackeyLove,1,498,7,1,6,15177,305,24,20,4,25041,22594,1474,1871,14254,9238,3019,10,6,4
LPL,TES,2021-01-15,29.666666666666668,Support,Zhuo,1,89,0,1,11,7595,55,0,0,0,2308,899,1332,1427,7834,4198,2302,48,29,16
LPL,RA,2021-01-15,29.666666666666668,Top,Cube,0,58,1,2,1,11092,280,12,8,0,11852,10912,939,9040,30148,16504,12563,14,4,6
LPL,RA,2021-01-15,29.666666666666668,Jungle,Aix,0,876,0,4,2,9819,212,167,137,4,7010,163,5014,9248,24849,16802,7231,19,6,6
LPL,RA,2021-01-15,29.666666666666668,Mid,FoFo,0,777,1,1,2,9581,232,28,9,4,6226,3611,1262,1881,13522,6640,5851,4,5,0
LPL,RA,2021-01-15,29.666666666666668,Bot,iBoy,0,145,1,2,1,11114,284,24,8,8,10651,7550,2980,5050,15168,10360,4743,15,16,7
LPL,RA,2021-01-15,29.666666666666668,Support,Hang,0,875,0,6,2,5775,37,0,0,0,3517,2109,0,400,15771,8887,6505,36,11,9
