League,team,date,min,role,name,win,hero,kill,death,assist,gold,lasthit,neutralKilled,neutralKilledTJungle,neutralKilledEJungle,totalDamageToChamp,pDamageToChamp,mDamageDealtToChamp,totalHeal,totalDamageTaken,pDamageTaken,mDamageTaken,wardsPlaced,wardsKilled,visionWardsBought
LPL,V5,2021-01-16,31.85,Top,LANGX,0,516,0,1,1,10169,261,14,6,0,10501,4293,6207,2059,18659,14172,3131,11,4,2
LPL,V5,2021-01-16,31.85,Jungle,Weiwei,0,2,2,6,1,10129,187,158,114,9,6270,4765,36,13587,29812,21716,7150,14,17,11
LPL,V5,2021-01-16,31.85,Mid,Mole,0,134,0,2,2,10593,275,20,20,0,15814,1262,14552,1318,8692,4972,3285,12,6,6
LPL,V5,2021-01-16,31.85,Bot,Trigger,0,360,1,5,1,11631,296,31,27,0,8350,7266,693,2494,16668,12051,3894,12,11,6
LPL,V5,2021-01-16,31.85,Support,ppgod,0,12,0,2,3,6275,41,0,0,0,2127,523,1603,3141,8116,5022,2451,44,10,13
LPL,LGD,2021-01-16,31.85,Top,Cult,1,266,0,0,7,12583,301,13,7,0,9474,9456,17,10097,23830,12251,11075,9,7,3
LPL,LGD,2021-01-16,31.85,Jungle,Kui,1,80,3,2,6,11380,186,167,114,13,7346,6527,609,12703,24459,17083,6474,9,10,9
LPL,LGD,2021-01-16,31.85,Mid,Uniboy,1,3,3,0,10,12891,262,16,12,0,12730,54,12639,1347,10166,7951,1937,16,4,9
LPL,LGD,2021-01-16,31.85,Bot,Garvey,1,145,10,0,4,18339,355,44,29,4,16164,10784,3680,5187,7576,5110,2406,11,8,3
LPL,LGD,2021-01-16,31.85,Support,Chance,1,875,0,1,13,8349,52,0,0,0,6510,4152,201,1700,11717,6955,4645,61,27,18
LPL,LGD,2021-01-16,28.0,Top,Cult,0,150,0,1,0,9517,239,12,5,4,5110,4570,539,3483,15503,12106,2819,10,1,2
LPL,LGD,2021-01-16,28.0,Jungle,Kui,0,2,2,3,1,8979,168,124,88,14,7466,4483,0,12298,25823,19144,5671,11,7,10
LPL,LGD,2021-01-16,28.0,Mid,Uniboy,0,134,2,2,0,10448,258,18,14,0,11945,237,11557,3007,12862,8620,3655,10,2,1
LPL,LGD,2021-01-16,28.0,Bot,Garvey,0,21,0,4,1,9757,236,8,4,0,5034,4110,923,1832,12969,10295,2100,8,5,1
LPL,LGD,2021-01-16,28.0,Support,Chance,0,875,0,5,3,6221,52,0,0,0,3948,2063,77,1587,13997,9247,4001,41,22,15
LPL,V5,2021-01-16,28.0,Top,LANGX,1,126,2,0,3,11173,250,22,7,12,13317,11383,1934,4057,10747,8315,1834,12,4,3
LPL,V5,2021-01-16,28.0,Jungle,Weiwei,1,876,1,0,11,10705,183,154,89,12,10248,798,7063,17597,25063,20367,3677,7,2,6
LPL,V5,2021-01-16,28.0,Mid,Mole,1,236,5,0,6,14031,272,32,13,6,15192,12152,3040,1928,9307,4371,4910,11,5,2
LPL,V5,2021-01-16,28.0,Bot,y4,1,202,5,2,4,13168,255,20,12,8,14104,12379,1422,2529,11740,7522,3213,14,6,5
LPL,V5,2021-01-16,28.0,Support,ppgod,1,89,2,2,11,8208,31,0,0,0,4521,1084,2632,1702,14596,8780,3519,39,6,9
LPL,V5,2021-01-16,25.683333333333334,Top,LANGX,1,79,1,2,8,9401,197,10,9,0,7239,653,6586,5910,14575,11039,3122,11,1,3
LPL,V5,2021-01-16,25.683333333333334,Jungle,Weiwei,1,2,1,0,6,9310,146,136,72,16,5945,3849,98,13399,19025,14792,3717,8,8,8
LPL,V5,2021-01-16,25.683333333333334,Mid,Mole,1,13,5,0,5,12347,269,24,20,0,9008,426,8506,4542,10281,7734,2436,10,4,6
LPL,V5,2021-01-16,25.683333333333334,Bot,y4,1,145,5,0,4,12732,249,20,11,4,12414,8336,3315,5489,10258,7224,3010,10,6,4
LPL,V5,2021-01-16,25.683333333333334,Support,ppgod,1,3,0,0,10,6650,34,0,0,0,3283,47,2679,1375,8253,6987,1024,34,7,10
LPL,LGD,2021-01-16,25.683333333333334,Top,Cult,0,150,0,3,1,8720,239,12,9,0,8469,7888,581,4331,14704,7322,6629,11,5,3
LPL,LGD,2021-01-16,25.683333333333334,Jungle,Kui,0,104,2,2,0,8287,169,136,97,13,8137,6006,1394,7198,14695,9460,4904,7,10,6
LPL,LGD,2021-01-16,25.683333333333334,Mid,Uniboy,0,4,0,1,2,9528,208,6,6,0,6884,657,5897,1138,8446,4646,3257,11,4,4
LPL,LGD,2021-01-16,25.683333333333334,Bot,Garvey,0,202,0,3,1,8461,207,0,0,0,7296,6342,954,2469,10365,5605,4023,10,6,3
LPL,LGD,2021-01-16,25.683333333333334,Support,Chance,0,89,0,3,2,5699,37,0,0,0,2079,494,1344,623,8833,3780,4024,35,13,14
