League,team,date,min,role,name,win,hero,kill,death,assist,gold,lasthit,neutralKilled,neutralKilledTJungle,neutralKilledEJungle,totalDamageToChamp,pDamageToChamp,mDamageDealtToChamp,totalHeal,totalDamageTaken,pDamageTaken,mDamageTaken,wardsPlaced,wardsKilled,visionWardsBought
LPL,EDG,2021-01-16,34.016666666666666,Top,Flandre,1,58,0,0,6,14402,339,20,4,0,9355,8615,739,11492,29819,13585,15561,12,13,9
LPL,EDG,2021-01-16,34.016666666666666,Jungle,Jiejie,1,76,5,1,3,12452,226,186,118,12,12621,565,11898,21243,27118,18363,8383,49,26,9
LPL,EDG,2021-01-16,34.016666666666666,Mid,Scout,1,61,0,0,6,12663,324,56,45,8,8815,97,8718,746,9143,2687,6456,16,13,5
LPL,EDG,2021-01-16,34.016666666666666,Bot,Viper,1,145,6,0,1,16620,391,45,27,8,12609,7887,3177,5233,8875,6628,1791,14,21,5
LPL,EDG,2021-01-16,34.016666666666666,Support,Meiko,1,89,0,1,5,7165,29,0,0,0,2027,327,1299,2312,12083,6696,4420,56,5,15
LPL,FPX,2021-01-16,34.016666666666666,Top,Nuguri,0,516,0,4,1,11395,266,8,5,0,10868,3719,7148,860,18301,10560,6791,15,11,5
LPL,FPX,2021-01-16,34.016666666666666,Jungle,Tian,0,120,0,3,1,9423,181,145,102,5,2985,1853,968,15184,31627,20801,10204,21,24,19
LPL,FPX,2021-01-16,34.016666666666666,Mid,Doinb,0,112,1,2,1,12682,313,38,37,0,23711,158,23527,1853,10753,5080,5279,16,8,3
LPL,FPX,2021-01-16,34.016666666666666,Bot,Lwx,0,523,1,1,0,14324,360,22,20,0,14487,11913,296,2157,7925,4000,3785,11,15,3
LPL,FPX,2021-01-16,34.016666666666666,Support,Crisp,0,412,0,1,2,7017,34,0,0,0,2279,356,1922,1878,7084,3320,3764,71,9,26
LPL,FPX,2021-01-16,35.53333333333333,Top,Nuguri,1,126,3,3,9,15370,318,54,24,14,27511,25196,2225,5924,18313,10362,7142,16,10,7
LPL,FPX,2021-01-16,35.53333333333333,Jungle,Tian,1,2,7,2,5,12563,174,125,77,7,14024,9431,192,18502,36343,23165,11999,26,16,23
LPL,FPX,2021-01-16,35.53333333333333,Mid,Doinb,1,68,3,2,8,12334,252,25,24,1,20578,229,20348,3353,13252,7299,5286,18,2,5
LPL,FPX,2021-01-16,35.53333333333333,Bot,Lwx,1,523,4,1,6,17180,368,48,48,0,21442,16502,1097,4838,9568,4970,4116,17,9,6
LPL,FPX,2021-01-16,35.53333333333333,Support,Crisp,1,412,0,2,13,8028,31,0,0,0,3617,261,3355,3511,14457,7090,6795,68,8,22
LPL,EDG,2021-01-16,35.53333333333333,Top,Flandre,0,150,2,3,3,14576,319,16,9,0,7573,6502,1070,5650,30033,19020,7374,7,18,4
LPL,EDG,2021-01-16,35.53333333333333,Jungle,Jiejie,0,104,1,2,3,11511,226,172,110,16,6962,5928,451,4307,15836,10731,4329,13,33,12
LPL,EDG,2021-01-16,35.53333333333333,Mid,Scout,0,142,4,4,5,12427,248,29,26,0,24370,1533,20770,4911,15715,8417,6167,8,10,6
LPL,EDG,2021-01-16,35.53333333333333,Bot,Viper,0,145,3,3,1,14595,335,30,26,0,16062,10593,5086,8175,20576,16249,3899,16,14,5
LPL,EDG,2021-01-16,35.53333333333333,Support,Meiko,0,12,0,5,9,7563,23,0,0,0,5388,444,4270,8567,24628,14076,8194,77,3,25
LPL,EDG,2021-01-16,34.833333333333336,Top,Flandre,1,79,3,0,5,12512,265,0,0,0,9663,1019,8644,12587,18759,14902,3599,8,13,5
LPL,EDG,2021-01-16,34.833333333333336,Jungle,Jiejie,1,2,1,0,7,11517,196,171,104,8,11824,7970,0,17094,26911,19308,7172,14,11,13
LPL,EDG,2021-01-16,34.833333333333336,Mid,Scout,1,61,0,2,8,14112,333,67,55,4,14668,1034,13634,2668,11298,5752,5154,18,6,7
LPL,EDG,2021-01-16,34.833333333333336,Bot,Viper,1,523,5,4,4,18512,415,44,28,4,20686,17830,2195,2283,9749,4048,3701,15,32,6
LPL,EDG,2021-01-16,34.833333333333336,Support,Meiko,1,412,1,2,8,8209,35,0,0,0,4579,622,3956,213,9018,3495,5305,51,9,14
LPL,FPX,2021-01-16,34.833333333333336,Top,Nuguri,0,266,0,3,1,11922,320,31,23,0,11915,11915,0,16600,36367,20715,13696,8,10,4
LPL,FPX,2021-01-16,34.833333333333336,Jungle,Tian,0,104,3,2,2,11805,209,171,116,15,7441,5784,1145,4930,15161,9006,5705,17,10,13
LPL,FPX,2021-01-16,34.833333333333336,Mid,Doinb,0,68,1,1,4,13437,307,19,16,0,15058,90,14967,6447,14119,9876,3662,16,4,4
LPL,FPX,2021-01-16,34.833333333333336,Bot,Lwx,0,145,3,1,2,13484,326,27,27,0,8627,4698,3900,6133,14051,9734,4233,18,13,8
LPL,FPX,2021-01-16,34.833333333333336,Support,Crisp,0,89,1,3,5,7276,29,0,0,0,3102,613,1731,669,11367,6751,3171,68,5,23
