League,team,date,min,role,name,win,hero,kill,death,assist,gold,lasthit,neutralKilled,neutralKilledTJungle,neutralKilledEJungle,totalDamageToChamp,pDamageToChamp,mDamageDealtToChamp,totalHeal,totalDamageTaken,pDamageTaken,mDamageTaken,wardsPlaced,wardsKilled,visionWardsBought
LPL,LNG,2021-01-17,35.8,Top,M1kuya,1,58,5,0,6,16058,346,13,3,0,12256,9931,2325,16858,33614,16223,14668,12,13,7
LPL,LNG,2021-01-17,35.8,Jungle,Tarzan,1,163,3,1,13,14574,266,230,158,20,22369,710,20590,11783,18151,11842,5308,34,8,8
LPL,LNG,2021-01-17,35.8,Mid,icon,1,875,4,1,11,12946,222,4,0,0,8439,4423,1082,6414,19503,12562,5948,11,14,6
LPL,LNG,2021-01-17,35.8,Bot,Light,1,145,5,2,7,16857,384,55,33,7,11533,7392,3841,7541,15470,11651,3252,12,9,3
LPL,LNG,2021-01-17,35.8,Support,Iwandy,1,89,0,3,11,8646,56,0,0,0,3655,491,2362,2931,12600,6870,3566,66,32,15
LPL,TT,2021-01-17,35.8,Top,Chelizi,0,516,1,2,3,11446,285,24,24,0,12736,2907,9828,967,17652,9444,6769,19,7,9
LPL,TT,2021-01-17,35.8,Jungle,bless,0,104,0,3,5,10592,219,159,122,0,11342,8976,1812,8899,20420,11489,7635,12,9,11
LPL,TT,2021-01-17,35.8,Mid,Captain,0,4,1,4,5,14168,302,12,10,0,14638,1102,13261,570,10572,6384,3658,20,14,8
LPL,TT,2021-01-17,35.8,Bot,SamD,0,67,5,5,2,15522,347,24,21,0,18274,11283,373,5219,16622,8760,6808,13,26,3
LPL,TT,2021-01-17,35.8,Support,Teeen,0,201,0,3,6,7526,41,0,0,0,5279,641,4638,1793,13570,5093,7689,69,13,23
LPL,TT,2021-01-17,40.6,Top,Chelizi,1,58,2,1,3,15261,304,24,14,0,13468,11988,1480,19207,43369,29837,12866,26,7,11
LPL,TT,2021-01-17,40.6,Jungle,bless,1,2,0,1,3,12123,229,178,102,18,8383,6769,0,26099,45006,32890,11448,13,23,13
LPL,TT,2021-01-17,40.6,Mid,Captain,1,43,2,1,3,14630,292,26,26,0,13653,224,13328,5579,13778,6791,6986,19,13,14
LPL,TT,2021-01-17,40.6,Bot,SamD,1,21,1,1,3,18557,469,46,29,14,22751,17725,4148,12158,19478,11772,7681,22,25,11
LPL,TT,2021-01-17,40.6,Support,Teeen,1,147,1,2,3,9161,39,0,0,0,5548,409,4583,14069,18101,13764,4312,77,10,23
LPL,LNG,2021-01-17,40.6,Top,Ale,0,126,3,2,3,15828,338,23,12,11,45091,42455,2386,9138,24667,18374,5488,15,12,3
LPL,LNG,2021-01-17,40.6,Jungle,Tarzan,0,76,1,0,3,12414,246,206,129,28,18324,600,17014,29018,32061,23913,7334,5,30,4
LPL,LNG,2021-01-17,40.6,Mid,icon,0,61,0,2,5,13557,332,43,32,0,15704,289,15265,2579,17305,10685,5900,18,6,7
LPL,LNG,2021-01-17,40.6,Bot,Light,0,523,2,2,1,15559,387,45,40,0,21871,19439,2156,4340,13174,9625,2946,15,5,6
LPL,LNG,2021-01-17,40.6,Support,Iwandy,0,412,0,0,5,7956,39,0,0,0,2090,191,1898,1954,12234,6311,5716,88,15,26
LPL,LNG,2021-01-17,30.583333333333332,Top,M1kuya,1,150,0,0,3,12935,267,4,0,0,16003,12149,3854,3926,11675,9242,1892,11,10,4
LPL,LNG,2021-01-17,30.583333333333332,Jungle,Tarzan,1,80,3,1,4,11553,201,170,99,18,7864,6626,888,13783,25758,20836,4753,26,11,9
LPL,LNG,2021-01-17,30.583333333333332,Mid,icon,1,268,6,0,2,15593,346,37,24,4,11352,0,11352,2478,9510,4313,5133,15,8,8
LPL,LNG,2021-01-17,30.583333333333332,Bot,Light,1,498,2,3,4,13211,300,23,23,0,8055,6819,1163,1746,9165,6964,1869,12,16,4
LPL,LNG,2021-01-17,30.583333333333332,Support,Iwandy,1,89,0,0,7,7687,41,0,0,0,3348,993,2039,762,7187,4726,1811,56,16,13
LPL,TT,2021-01-17,30.583333333333332,Top,Chelizi,0,58,1,1,1,10435,258,11,4,0,6439,5681,758,6217,20856,16070,4613,17,8,8
LPL,TT,2021-01-17,30.583333333333332,Jungle,bless,0,104,0,3,0,8310,180,153,122,4,4824,3139,915,7311,17871,13043,4497,9,10,9
LPL,TT,2021-01-17,30.583333333333332,Mid,Captain,0,61,0,2,1,11349,291,21,17,0,6784,120,6663,16,8278,2060,6217,14,7,5
LPL,TT,2021-01-17,30.583333333333332,Bot,SamD,0,145,3,2,1,13041,322,24,20,0,7033,4172,2287,2917,10955,8210,2568,14,17,5
LPL,TT,2021-01-17,30.583333333333332,Support,Teeen,0,111,0,3,2,6091,34,0,0,0,3111,940,1761,204,8727,4896,3772,57,11,19
