League,team,date,min,role,name,win,hero,kill,death,assist,gold,lasthit,neutralKilled,neutralKilledTJungle,neutralKilledEJungle,totalDamageToChamp,pDamageToChamp,mDamageDealtToChamp,totalHeal,totalDamageTaken,pDamageTaken,mDamageTaken,wardsPlaced,wardsKilled,visionWardsBought
LPL,WE,2021-01-17,29.7,Top,Breathe,0,516,1,3,7,9262,189,0,0,0,10064,2962,6780,1431,22715,14625,7042,11,2,5
LPL,WE,2021-01-17,29.7,Jungle,beishang,0,104,3,1,4,9963,185,146,117,0,8055,6431,779,6994,14860,9561,4893,8,16,8
LPL,WE,2021-01-17,29.7,Mid,Shanks,0,61,0,5,6,9745,232,17,13,0,7309,377,6932,658,12523,4580,6949,18,14,9
LPL,WE,2021-01-17,29.7,Bot,Jiumeng,0,18,3,2,1,12642,276,12,4,0,11274,8757,1225,2481,9189,6209,2577,17,5,8
LPL,WE,2021-01-17,29.7,Support,Missing,0,12,2,8,1,6570,31,0,0,0,3904,350,2697,2128,18545,8660,8053,59,5,14
LPL,IG,2021-01-17,29.7,Top,TheShy,1,150,4,3,5,13356,249,14,4,5,23599,21077,2522,9298,22885,15252,6004,10,6,4
LPL,IG,2021-01-17,29.7,Jungle,XUN,1,876,7,1,6,13172,223,179,114,26,11169,253,6954,14208,25317,17386,7481,6,7,6
LPL,IG,2021-01-17,29.7,Mid,Rookie,1,134,1,2,12,11455,237,18,17,0,14348,597,13751,1004,8007,4988,2716,11,13,8
LPL,IG,2021-01-17,29.7,Bot,Wink,1,145,7,1,4,13944,288,38,16,6,12534,8774,3485,5531,10680,6954,3277,15,15,5
LPL,IG,2021-01-17,29.7,Support,Baolan,1,89,0,2,11,7416,50,0,0,0,2936,940,1549,1848,10917,7044,3387,43,21,19
LPL,WE,2021-01-17,29.983333333333334,Top,Breathe,1,164,1,2,5,11136,204,12,1,4,12008,8304,850,4776,17413,9464,7848,10,2,6
LPL,WE,2021-01-17,29.983333333333334,Jungle,beishang,1,163,5,1,9,13811,256,201,122,17,15806,473,14391,10386,15258,10496,4076,8,15,7
LPL,WE,2021-01-17,29.983333333333334,Mid,Shanks,1,61,2,2,9,12335,245,25,24,0,10696,687,10009,928,9889,4592,5296,17,8,7
LPL,WE,2021-01-17,29.983333333333334,Bot,Jiumeng,1,145,9,1,4,15988,295,23,14,4,17984,13088,4368,8215,13938,9372,3776,13,9,4
LPL,WE,2021-01-17,29.983333333333334,Support,Missing,1,89,0,3,7,7687,33,0,0,0,3728,990,1893,2195,13054,8343,3574,51,8,15
LPL,IG,2021-01-17,29.983333333333334,Top,TheShy,0,79,0,3,2,8693,207,2,1,0,9455,1747,7707,12940,24104,11077,10591,5,7,2
LPL,IG,2021-01-17,29.983333333333334,Jungle,XUN,0,2,2,5,3,9284,169,149,115,0,8857,6146,0,14307,31442,20225,10233,7,10,7
LPL,IG,2021-01-17,29.983333333333334,Mid,Rookie,0,134,1,1,4,10940,265,8,8,0,9376,457,8919,507,6105,2000,3963,11,8,8
LPL,IG,2021-01-17,29.983333333333334,Bot,Wink,0,202,6,4,3,11560,252,10,6,0,12387,11556,830,2996,9822,5606,3985,16,12,9
LPL,IG,2021-01-17,29.983333333333334,Support,Baolan,0,3,0,4,8,6207,32,0,0,0,3769,81,3688,418,12294,6790,4128,48,7,20
LPL,WE,2021-01-17,24.6,Top,Breathe,1,164,2,0,9,11124,203,20,1,9,6350,5316,357,2939,11534,9263,2081,8,4,4
LPL,WE,2021-01-17,24.6,Jungle,beishang,1,80,7,0,5,10774,140,116,81,5,10159,9090,652,11602,21844,14915,6230,4,4,4
LPL,WE,2021-01-17,24.6,Mid,Shanks,1,61,4,0,8,10018,185,16,13,0,8165,238,7926,1120,7500,2414,4129,12,7,4
LPL,WE,2021-01-17,24.6,Bot,Jiumeng,1,18,5,1,4,10769,196,29,27,0,6817,4972,1625,4207,11262,8012,2922,12,7,4
LPL,WE,2021-01-17,24.6,Support,Missing,1,3,2,3,7,6724,37,0,0,0,3539,88,3209,1164,11746,8894,1957,38,9,11
LPL,IG,2021-01-17,24.6,Top,TheShy,0,126,0,5,0,7072,162,4,4,0,6730,6076,653,641,7734,6203,1226,7,1,0
LPL,IG,2021-01-17,24.6,Jungle,XUN,0,876,1,4,0,7942,166,155,95,13,5735,383,3178,10168,24478,17584,6536,5,10,5
LPL,IG,2021-01-17,24.6,Mid,Rookie,0,134,1,3,0,7487,172,4,4,0,8942,555,8386,0,6359,3422,2837,10,1,4
LPL,IG,2021-01-17,24.6,Bot,Wink,0,236,2,2,2,9820,214,4,0,0,13963,11881,2082,1434,9718,6794,2576,12,9,4
LPL,IG,2021-01-17,24.6,Support,Baolan,0,89,0,6,4,5685,28,0,0,0,2784,964,925,0,10490,7116,2928,36,6,12
