League,team,date,min,role,name,win,hero,kill,death,assist,gold,lasthit,neutralKilled,neutralKilledTJungle,neutralKilledEJungle,totalDamageToChamp,pDamageToChamp,mDamageDealtToChamp,totalHeal,totalDamageTaken,pDamageTaken,mDamageTaken,wardsPlaced,wardsKilled,visionWardsBought
LPL,ES,2021-01-18,35.06666666666667,Top,zs,0,58,6,5,6,15824,282,16,8,0,22258,17775,3107,16594,40959,27447,11306,17,3,5
LPL,ES,2021-01-18,35.06666666666667,Jungle,H4cker,0,2,3,5,8,11093,180,157,110,8,11333,7807,0,16880,34922,20174,12474,13,8,12
LPL,ES,2021-01-18,35.06666666666667,Mid,irma,0,268,1,5,11,12650,306,28,28,0,22723,156,22492,2837,16812,10222,6430,13,14,7
LPL,ES,2021-01-18,35.06666666666667,Bot,rat,0,145,3,5,9,13127,294,41,33,3,15137,10562,3955,7275,20195,14472,5333,14,12,6
LPL,ES,2021-01-18,35.06666666666667,Support,ShiauC,0,497,1,7,8,7535,27,0,0,0,8045,675,6556,2742,15625,8057,6565,99,22,22
LPL,OMG,2021-01-18,35.06666666666667,Top,New,1,266,6,2,11,15566,288,28,11,8,28707,28073,0,20651,40270,27866,10431,12,10,10
LPL,OMG,2021-01-18,35.06666666666667,Jungle,Aki,1,876,5,3,11,12903,210,182,131,9,14647,776,9929,17795,32871,21913,10163,30,14,10
LPL,OMG,2021-01-18,35.06666666666667,Mid,Wuming,1,61,6,1,19,15608,267,25,15,4,23827,959,22868,3087,12862,5607,7222,10,7,4
LPL,OMG,2021-01-18,35.06666666666667,Bot,Eric,1,360,10,4,8,16622,315,25,16,0,20550,17653,2217,7969,26543,17279,8413,11,19,3
LPL,OMG,2021-01-18,35.06666666666667,Support,COLD,1,12,0,4,14,8156,34,0,0,0,6279,909,4591,4380,19933,9903,7269,57,9,19
LPL,ES,2021-01-18,27.833333333333332,Top,zs,1,164,1,0,5,11427,262,24,3,8,13771,8059,902,7655,15101,11848,3209,8,2,4
LPL,ES,2021-01-18,27.833333333333332,Jungle,H4cker,1,64,3,0,7,10526,196,168,111,19,3631,2772,810,10573,22343,18950,3255,14,12,8
LPL,ES,2021-01-18,27.833333333333332,Mid,irma,1,3,3,0,5,11924,262,18,9,8,8662,52,8609,1348,9471,8048,1422,8,4,6
LPL,ES,2021-01-18,27.833333333333332,Bot,rat,1,145,2,0,2,12033,287,12,12,0,6301,3587,2377,4059,9438,7335,2102,9,3,2
LPL,ES,2021-01-18,27.833333333333332,Support,ShiauC,1,89,1,1,5,6453,43,0,0,0,2322,823,1255,440,6310,3500,2809,51,17,17
LPL,OMG,2021-01-18,27.833333333333332,Top,New,0,516,0,4,1,7896,178,2,2,0,3572,1539,2033,926,16344,9603,2972,8,1,1
LPL,OMG,2021-01-18,27.833333333333332,Jungle,Aki,0,104,0,2,1,8216,176,154,113,9,2512,2165,166,3324,8795,5456,3046,4,8,4
LPL,OMG,2021-01-18,27.833333333333332,Mid,Wuming,0,61,1,3,0,9827,263,12,9,0,6412,717,5694,151,7367,4573,2770,8,4,2
LPL,OMG,2021-01-18,27.833333333333332,Bot,Eric,0,202,0,0,1,10603,286,12,8,0,10391,9582,809,1729,9659,5286,3797,8,8,4
LPL,OMG,2021-01-18,27.833333333333332,Support,COLD,0,12,0,1,1,5781,37,0,0,0,1072,127,944,2352,6039,2845,2416,51,14,17
LPL,OMG,2021-01-18,29.716666666666665,Top,New,0,266,3,3,2,11862,251,33,18,4,13787,13739,48,11480,27278,17501,5520,8,2,3
LPL,OMG,2021-01-18,29.716666666666665,Jungle,Aki,0,2,1,3,5,9323,171,152,103,12,7952,5763,224,16905,30787,23544,5271,10,10,9
LPL,OMG,2021-01-18,29.716666666666665,Mid,Wuming,0,3,2,4,4,10205,227,8,8,0,12137,49,11638,2225,15642,11382,1691,11,4,4
LPL,OMG,2021-01-18,29.716666666666665,Bot,Eric,0,18,4,5,4,13027,283,35,25,0,16795,12779,1769,3937,14852,12473,1220,9,17,4
LPL,OMG,2021-01-18,29.716666666666665,Support,COLD,0,89,0,5,5,6898,35,0,0,0,3089,942,1738,613,13551,7969,3345,41,8,15
LPL,ES,2021-01-18,29.716666666666665,Top,zs,1,58,1,1,10,11487,258,12,9,2,17308,15073,2235,12210,24872,18180,4757,12,1,3
LPL,ES,2021-01-18,29.716666666666665,Jungle,H4cker,1,80,8,1,5,11190,154,127,99,0,14513,13948,261,14213,24202,16892,6739,22,3,9
LPL,ES,2021-01-18,29.716666666666665,Mid,irma,1,61,2,2,13,12953,306,39,23,4,11935,777,11157,626,8257,5444,2157,13,12,7
LPL,ES,2021-01-18,29.716666666666665,Bot,rat,1,67,7,2,8,13047,256,35,24,6,21206,12486,26,2786,9069,6219,2174,9,15,3
LPL,ES,2021-01-18,29.716666666666665,Support,ShiauC,1,875,2,4,10,7423,42,0,0,0,5942,2580,168,885,14524,10145,3144,44,12,16
