League,team,date,min,role,name,win,hero,kill,death,assist,gold,lasthit,neutralKilled,neutralKilledTJungle,neutralKilledEJungle,totalDamageToChamp,pDamageToChamp,mDamageDealtToChamp,totalHeal,totalDamageTaken,pDamageTaken,mDamageTaken,wardsPlaced,wardsKilled,visionWardsBought
LPL,BLG,2021-01-18,30.433333333333334,Top,Biubiu,1,126,3,3,9,12737,245,20,5,8,25261,21922,3338,4633,15909,10419,4377,12,6,3
LPL,BLG,2021-01-18,30.433333333333334,Jungle,Meteor,1,104,11,0,3,15290,279,229,137,31,17671,13755,2750,10230,17857,13191,3955,7,12,7
LPL,BLG,2021-01-18,30.433333333333334,Mid,Zeka,1,4,3,1,12,13698,243,16,12,4,12800,527,12238,3456,12655,7538,3940,10,5,6
LPL,BLG,2021-01-18,30.433333333333334,Bot,Aiming,1,21,2,2,6,12826,288,21,16,1,10965,7874,2850,3767,11980,6574,5014,12,16,4
LPL,BLG,2021-01-18,30.433333333333334,Support,Mark,1,12,0,0,10,7156,35,0,0,0,3429,269,2533,9202,13022,5081,7007,46,11,15
LPL,V5,2021-01-18,30.433333333333334,Top,LANGX,0,150,0,5,1,9370,200,16,16,0,5939,5211,728,2063,18771,12860,5751,13,5,4
LPL,V5,2021-01-18,30.433333333333334,Jungle,Weiwei,0,2,1,4,2,9024,153,134,93,4,8186,5210,98,14270,31520,23512,7323,8,11,7
LPL,V5,2021-01-18,30.433333333333334,Mid,Mole,0,142,4,3,2,10602,240,12,12,0,17898,1053,15682,3425,14239,8342,5435,6,5,4
LPL,V5,2021-01-18,30.433333333333334,Bot,y4,0,202,1,2,1,10604,264,12,12,0,10314,8508,1520,4709,14855,11167,3274,11,4,4
LPL,V5,2021-01-18,30.433333333333334,Support,ppgod,0,432,0,5,2,6128,33,0,0,0,4862,1191,3670,3153,15326,10787,4190,67,14,8
LPL,V5,2021-01-18,33.88333333333333,Top,LANGX,1,126,3,3,12,14493,281,14,9,2,27140,23532,3540,4783,16279,11296,4378,13,10,3
LPL,V5,2021-01-18,33.88333333333333,Jungle,Weiwei,1,876,7,2,11,14288,238,197,142,8,24681,794,17037,18256,33876,23316,8749,6,19,5
LPL,V5,2021-01-18,33.88333333333333,Mid,Mole,1,777,4,2,5,14192,291,29,7,14,16811,8502,5122,7350,22709,14655,5459,14,9,5
LPL,V5,2021-01-18,33.88333333333333,Bot,y4,1,145,8,1,6,16176,311,33,26,0,20113,12861,5131,11025,18727,13800,3945,11,11,2
LPL,V5,2021-01-18,33.88333333333333,Support,ppgod,1,3,0,5,16,8276,42,1,0,1,6514,77,5832,3362,23035,16242,3384,56,17,16
LPL,BLG,2021-01-18,33.88333333333333,Top,Biubiu,0,150,5,7,4,13937,265,15,15,0,18825,16165,2660,5941,34669,18993,11620,21,5,10
LPL,BLG,2021-01-18,33.88333333333333,Jungle,Meteor,0,2,4,1,3,12459,209,161,116,2,17226,10569,0,20480,34840,20838,10764,11,11,8
LPL,BLG,2021-01-18,33.88333333333333,Mid,Zeka,0,142,3,3,2,11778,227,8,8,0,20430,2187,15838,6786,17691,10653,5121,19,2,7
LPL,BLG,2021-01-18,33.88333333333333,Bot,Aiming,0,429,1,6,1,13255,335,33,22,0,14061,13662,63,2846,20248,14008,4971,31,15,2
LPL,BLG,2021-01-18,33.88333333333333,Support,Mark,0,44,0,5,6,7520,39,0,0,0,2199,861,1338,10387,21628,11162,8115,53,11,17
LPL,BLG,2021-01-18,36.766666666666666,Top,Biubiu,0,164,4,7,6,14625,265,30,8,13,22201,12431,1534,8354,27971,15571,9360,10,8,6
LPL,BLG,2021-01-18,36.766666666666666,Jungle,Meteor,0,80,4,2,5,13039,251,213,161,12,13942,11230,2271,18065,32337,19387,10741,9,10,9
LPL,BLG,2021-01-18,36.766666666666666,Mid,Zeka,0,3,2,4,8,12690,266,10,8,2,15883,139,15744,2871,23753,11883,9240,17,3,12
LPL,BLG,2021-01-18,36.766666666666666,Bot,Aiming,0,21,3,2,5,14914,360,29,29,0,23502,19173,3722,4533,14476,6972,6987,15,8,6
LPL,BLG,2021-01-18,36.766666666666666,Support,Mark,0,111,0,4,6,7184,34,0,0,0,4627,735,3247,1544,15494,5939,7692,64,8,18
LPL,V5,2021-01-18,36.766666666666666,Top,LANGX,1,58,1,4,9,14289,314,18,17,0,13433,11260,2172,13630,35831,24389,7116,19,5,7
LPL,V5,2021-01-18,36.766666666666666,Jungle,Weiwei,1,876,4,3,12,13452,212,184,107,14,9775,454,5132,24773,38726,26085,9175,9,8,8
LPL,V5,2021-01-18,36.766666666666666,Mid,Mole,1,142,6,1,11,15331,253,22,16,2,26965,2796,19543,5305,14945,8579,5147,9,10,6
LPL,V5,2021-01-18,36.766666666666666,Bot,y4,1,202,7,0,2,16959,314,40,25,8,14398,13220,861,7989,16866,10343,6002,15,9,5
LPL,V5,2021-01-18,36.766666666666666,Support,ppgod,1,57,1,5,9,8970,42,0,0,0,14002,359,12515,2928,17706,10441,6867,42,16,10
