League,team,date,min,role,name,win,hero,kill,death,assist,gold,lasthit,neutralKilled,neutralKilledTJungle,neutralKilledEJungle,totalDamageToChamp,pDamageToChamp,mDamageDealtToChamp,totalHeal,totalDamageTaken,pDamageTaken,mDamageTaken,wardsPlaced,wardsKilled,visionWardsBought
LPL,RW,2021-01-19,25.583333333333332,Top,Ziv,0,58,1,4,0,7385,165,7,3,0,5224,4901,322,4599,27557,14583,10284,8,2,2
LPL,RW,2021-01-19,25.583333333333332,Jungle,Haro,0,876,2,3,1,9259,180,125,93,1,6537,247,4779,8018,21846,14475,6694,27,13,8
LPL,RW,2021-01-19,25.583333333333332,Mid,Forge,0,84,0,4,4,7539,184,0,0,0,6672,1165,5361,5267,17462,9964,6661,9,3,3
LPL,RW,2021-01-19,25.583333333333332,Bot,Michi,0,498,1,3,3,9626,212,4,4,0,6590,6317,272,1728,11691,6071,5254,11,10,5
LPL,RW,2021-01-19,25.583333333333332,Support,Reheal,0,12,2,5,4,6241,46,0,0,0,3071,299,2087,3512,18659,6452,11388,36,11,18
LPL,FPX,2021-01-19,25.583333333333332,Top,Nuguri,1,41,4,0,5,12391,245,32,24,8,22343,14317,4909,6250,14787,9804,4828,13,1,7
LPL,FPX,2021-01-19,25.583333333333332,Jungle,Tian,1,163,4,1,8,9974,177,154,77,21,12088,479,10556,10698,17061,13614,2707,11,16,11
LPL,FPX,2021-01-19,25.583333333333332,Mid,Doinb,1,13,3,2,6,12003,270,32,17,10,15990,343,15647,4338,9929,6677,2939,15,1,6
LPL,FPX,2021-01-19,25.583333333333332,Bot,Lwx,1,145,8,1,8,14327,271,21,17,4,22494,15539,6164,9244,13429,9902,2944,10,14,3
LPL,FPX,2021-01-19,25.583333333333332,Support,Crisp,1,89,0,2,8,6333,28,0,0,0,2559,802,1328,1511,9514,4807,2157,37,10,12
LPL,FPX,2021-01-19,22.833333333333332,Top,Nuguri,1,58,3,1,7,10669,214,12,5,4,13652,12282,1370,8138,18861,16724,1396,11,10,4
LPL,FPX,2021-01-19,22.833333333333332,Jungle,Tian,1,64,6,3,13,9496,116,86,43,12,12565,9866,1799,8357,24087,18075,4186,14,11,8
LPL,FPX,2021-01-19,22.833333333333332,Mid,Doinb,1,13,7,3,14,10831,186,32,24,4,18022,1118,16904,3960,11519,6372,3627,10,3,2
LPL,FPX,2021-01-19,22.833333333333332,Bot,Lwx,1,523,9,2,4,12211,205,8,4,4,17266,13634,884,1009,6244,3487,1705,8,9,2
LPL,FPX,2021-01-19,22.833333333333332,Support,Crisp,1,412,0,4,19,6798,38,0,0,0,2169,307,1862,1093,10659,6586,3412,32,8,13
LPL,RW,2021-01-19,22.833333333333332,Top,Ziv,0,266,5,4,3,8265,154,4,0,0,11495,11495,0,7235,20635,15505,4205,7,7,3
LPL,RW,2021-01-19,22.833333333333332,Jungle,Haro,0,876,3,5,8,8345,146,130,83,16,11763,494,8056,8185,20560,13366,6672,13,2,9
LPL,RW,2021-01-19,22.833333333333332,Mid,Forge,0,39,1,6,4,8084,163,4,4,0,5325,2950,2153,2375,15176,7640,7075,9,2,3
LPL,RW,2021-01-19,22.833333333333332,Bot,Michi,0,145,4,3,7,9626,181,8,4,0,12514,9045,2705,2404,11137,8012,2486,22,12,5
LPL,RW,2021-01-19,22.833333333333332,Support,Reheal,0,875,0,7,9,5008,36,0,0,0,4296,2629,64,799,14142,8859,4179,26,10,14
