League,team,date,min,role,name,win,hero,kill,death,assist,gold,lasthit,neutralKilled,neutralKilledTJungle,neutralKilledEJungle,totalDamageToChamp,pDamageToChamp,mDamageDealtToChamp,totalHeal,totalDamageTaken,pDamageTaken,mDamageTaken,wardsPlaced,wardsKilled,visionWardsBought
LPL,EDG,2021-01-19,27.816666666666666,Top,Flandre,1,266,2,0,4,10293,221,15,3,0,12023,11892,130,10624,23283,17887,4138,7,4,6
LPL,EDG,2021-01-19,27.816666666666666,Jungle,Jiejie,1,2,2,1,7,10970,207,160,103,7,5466,3552,173,14920,22983,17011,5531,9,10,10
LPL,EDG,2021-01-19,27.816666666666666,Mid,Scout,1,112,5,1,5,11265,232,25,22,2,13734,136,13598,13,7325,2480,4035,7,8,3
LPL,EDG,2021-01-19,27.816666666666666,Bot,Viper,1,498,5,1,6,14713,310,41,24,9,12608,10640,1816,2024,7110,5485,1185,13,14,4
LPL,EDG,2021-01-19,27.816666666666666,Support,Meiko,1,89,2,1,10,7705,31,0,0,0,2697,566,1671,125,4721,2718,1712,42,8,12
LPL,LGD,2021-01-19,27.816666666666666,Top,Cult,0,126,1,2,3,10835,265,20,16,3,15619,13071,2547,4566,14107,10940,3106,9,3,3
LPL,LGD,2021-01-19,27.816666666666666,Jungle,Kui,0,104,0,3,2,8052,176,140,111,4,5218,4143,552,6340,15434,11465,3332,8,11,7
LPL,LGD,2021-01-19,27.816666666666666,Mid,Uniboy,0,142,1,3,2,9526,241,12,12,0,10510,862,8109,3018,12611,5371,6765,12,7,5
LPL,LGD,2021-01-19,27.816666666666666,Bot,Garvey,0,145,2,5,0,9988,234,8,8,0,7424,5627,1082,2749,13581,10748,2473,12,2,4
LPL,LGD,2021-01-19,27.816666666666666,Support,Chance,0,412,0,3,4,5518,32,0,0,0,1769,97,1207,253,9644,5034,3787,45,9,15
LPL,LGD,2021-01-19,37.11666666666667,Top,Cult,0,150,4,4,6,15915,319,21,5,8,18902,15365,3196,7310,24563,15790,7652,15,9,6
LPL,LGD,2021-01-19,37.11666666666667,Jungle,Kui,0,876,2,4,6,11918,217,174,124,8,21092,474,14895,16002,34814,24683,9897,25,7,11
LPL,LGD,2021-01-19,37.11666666666667,Mid,Uniboy,0,134,2,3,8,13721,313,12,12,0,20558,816,19462,2658,12029,5213,6163,15,9,7
LPL,LGD,2021-01-19,37.11666666666667,Bot,Garvey,0,145,7,7,5,16099,307,20,20,0,19181,14747,3551,9166,26514,15298,9860,15,9,4
LPL,LGD,2021-01-19,37.11666666666667,Support,Chance,0,111,1,5,7,8202,42,0,0,0,4688,632,3451,1645,21900,10532,9346,66,13,20
LPL,EDG,2021-01-19,37.11666666666667,Top,Flandre,1,58,4,1,7,14702,305,20,1,4,13267,11903,1363,17252,41614,18749,18063,10,13,4
LPL,EDG,2021-01-19,37.11666666666667,Jungle,Jiejie,1,163,0,5,9,11434,238,193,144,4,7071,489,5574,10539,24125,16041,7749,9,16,11
LPL,EDG,2021-01-19,37.11666666666667,Mid,Scout,1,142,7,2,7,15023,291,26,22,4,22635,1513,17849,5792,14630,6863,6901,10,9,5
LPL,EDG,2021-01-19,37.11666666666667,Bot,Viper,1,498,9,3,8,18898,405,42,23,12,24560,23386,832,3238,15096,8483,6043,17,25,6
LPL,EDG,2021-01-19,37.11666666666667,Support,Meiko,1,57,3,5,11,9117,38,0,0,0,13667,492,12415,2855,17095,6725,9112,51,13,16
