League,team,date,min,role,name,win,hero,kill,death,assist,gold,lasthit,neutralKilled,neutralKilledTJungle,neutralKilledEJungle,totalDamageToChamp,pDamageToChamp,mDamageDealtToChamp,totalHeal,totalDamageTaken,pDamageTaken,mDamageTaken,wardsPlaced,wardsKilled,visionWardsBought
LPL,IG,2021-01-20,32.45,Top,TheShy,1,150,2,2,4,13794,299,37,15,1,13400,11017,2383,6231,15060,10271,2335,11,4,7
LPL,IG,2021-01-20,32.45,Jungle,XUN,1,80,5,1,4,12345,193,177,112,21,9129,7947,516,15475,26733,18787,7686,14,5,13
LPL,IG,2021-01-20,32.45,Mid,Rookie,1,4,2,1,9,14256,288,20,16,0,9519,1854,7665,4315,9916,5486,4251,19,4,8
LPL,IG,2021-01-20,32.45,Bot,Wink,1,21,4,0,7,14975,317,14,5,8,14750,13238,1511,4384,8114,4735,3379,18,13,7
LPL,IG,2021-01-20,32.45,Support,Baolan,1,111,1,2,9,8084,33,0,0,0,3310,653,2179,2838,10256,6367,3690,62,9,18
LPL,ES,2021-01-20,32.45,Top,zs,0,164,3,2,0,11375,241,15,12,1,8007,5344,590,3642,16507,12942,3539,7,6,2
LPL,ES,2021-01-20,32.45,Jungle,H4cker,0,104,0,1,5,11683,248,189,131,7,6904,5986,401,1961,7557,5423,2133,11,17,7
LPL,ES,2021-01-20,32.45,Mid,irma,0,3,2,2,3,10879,229,13,8,1,13969,226,13743,2126,15367,13081,1966,11,9,8
LPL,ES,2021-01-20,32.45,Bot,rat,0,498,0,4,2,12301,331,16,12,0,6358,5969,388,1976,13709,10097,3270,13,18,4
LPL,ES,2021-01-20,32.45,Support,ShiauC,0,12,1,5,3,6917,41,0,0,0,2916,318,2098,3141,14078,8847,4775,54,15,20
LPL,IG,2021-01-20,23.4,Top,TheShy,1,150,2,3,6,9346,186,9,3,1,16861,14834,2027,4186,13153,7355,5083,7,10,5
LPL,IG,2021-01-20,23.4,Jungle,XUN,1,80,11,2,5,12010,136,111,59,23,15108,14078,157,10415,22761,16261,5989,4,2,3
LPL,IG,2021-01-20,23.4,Mid,Rookie,1,142,4,3,8,10246,183,20,12,4,14323,1814,10572,4790,12555,8552,3637,11,8,7
LPL,IG,2021-01-20,23.4,Bot,Wink,1,498,3,0,10,12234,219,13,8,3,15831,14534,0,5922,9105,5387,3705,14,6,6
LPL,IG,2021-01-20,23.4,Support,Baolan,1,497,1,0,14,6966,33,0,0,0,2975,764,1571,2733,9010,6169,2841,20,7,10
LPL,ES,2021-01-20,23.4,Top,zs,0,516,1,3,3,7201,157,0,0,0,5431,2256,2990,1031,15811,11679,3334,9,3,2
LPL,ES,2021-01-20,23.4,Jungle,H4cker,0,120,6,2,1,9649,143,119,89,4,10518,8046,1611,14821,27608,21808,4929,6,5,5
LPL,ES,2021-01-20,23.4,Mid,irma,0,61,0,4,5,7639,202,6,1,0,8887,702,8184,401,9314,5013,3412,12,5,7
LPL,ES,2021-01-20,23.4,Bot,rat,0,145,0,5,3,6403,142,0,0,0,6292,4697,1595,2963,14267,9572,3690,7,3,1
LPL,ES,2021-01-20,23.4,Support,ShiauC,0,3,1,7,5,5054,30,0,0,0,4618,46,4012,729,15608,13456,968,27,7,16
