League,team,date,min,role,name,win,hero,kill,death,assist,gold,lasthit,neutralKilled,neutralKilledTJungle,neutralKilledEJungle,totalDamageToChamp,pDamageToChamp,mDamageDealtToChamp,totalHeal,totalDamageTaken,pDamageTaken,mDamageTaken,wardsPlaced,wardsKilled,visionWardsBought
LPL,RA,2021-01-20,30.183333333333334,Top,Cube,1,126,3,3,6,12788,267,15,1,0,21979,18796,3139,5070,14478,9368,4151,18,7,8
LPL,RA,2021-01-20,30.183333333333334,Jungle,Aix,1,80,2,0,3,11530,213,181,107,9,7512,6485,509,16127,25462,20140,5205,30,12,9
LPL,RA,2021-01-20,30.183333333333334,Mid,FoFo,1,142,3,0,2,12872,279,12,12,0,16738,1218,13573,4786,7994,4801,2363,16,12,6
LPL,RA,2021-01-20,30.183333333333334,Bot,iBoy,1,498,2,1,4,12999,309,28,19,4,8929,7841,868,4148,10291,8615,1468,11,11,7
LPL,RA,2021-01-20,30.183333333333334,Support,Hang,1,89,0,2,3,7244,50,0,0,0,2596,330,1382,1758,10626,5569,4177,53,25,14
LPL,SN,2021-01-20,30.183333333333334,Top,Bin,0,150,1,3,1,9669,242,14,11,0,6958,5518,1440,2348,16618,10899,4303,17,8,8
LPL,SN,2021-01-20,30.183333333333334,Jungle,SofM,0,2,1,3,1,8301,161,139,114,8,7222,5019,0,14918,35646,23705,10647,19,19,13
LPL,SN,2021-01-20,30.183333333333334,Mid,Angel,0,134,0,2,4,10751,282,22,17,0,11351,719,10631,1543,8376,5697,2571,14,4,7
LPL,SN,2021-01-20,30.183333333333334,Bot,huanfeng,0,21,4,1,0,12710,334,31,31,0,12580,11366,922,1238,9796,8104,1589,17,11,7
LPL,SN,2021-01-20,30.183333333333334,Support,ON,0,12,0,1,3,6048,41,4,4,0,2150,277,1374,1337,8961,4712,3544,56,12,15
LPL,RA,2021-01-20,41.56666666666667,Top,Cube,1,62,3,4,8,13854,252,20,10,0,20977,17155,3738,10561,37654,24713,11669,24,4,10
LPL,RA,2021-01-20,41.56666666666667,Jungle,Aix,1,2,2,2,10,14520,250,213,120,28,17300,11404,329,30617,49221,31129,17092,17,23,15
LPL,RA,2021-01-20,41.56666666666667,Mid,FoFo,1,142,9,1,3,17799,327,49,44,5,31873,1816,26141,7115,13838,9387,4290,18,10,5
LPL,RA,2021-01-20,41.56666666666667,Bot,iBoy,1,498,4,1,9,19210,440,48,36,9,30747,28830,1354,10115,19669,14616,5052,9,27,4
LPL,RA,2021-01-20,41.56666666666667,Support,Hang,1,497,1,1,14,10166,49,0,0,0,6680,548,4833,10037,19214,12983,5482,143,26,19
LPL,SN,2021-01-20,41.56666666666667,Top,Bin,0,150,1,3,6,14391,327,31,14,5,25690,20612,5077,13000,36174,24332,8059,18,7,4
LPL,SN,2021-01-20,41.56666666666667,Jungle,SofM,0,80,1,4,3,11771,226,182,119,6,11697,10626,463,21086,42114,25741,13449,23,31,18
LPL,SN,2021-01-20,41.56666666666667,Mid,Angel,0,134,0,3,4,14107,371,16,16,0,27040,717,26008,2970,16956,9682,5176,22,23,8
LPL,SN,2021-01-20,41.56666666666667,Bot,huanfeng,0,21,6,4,2,18736,418,48,44,0,30411,27451,2020,4231,17506,13631,3400,19,34,5
LPL,SN,2021-01-20,41.56666666666667,Support,ON,0,111,1,5,6,8554,49,0,0,0,6774,815,4642,1635,23104,10968,9972,75,21,23
