League,team,date,min,role,name,win,hero,kill,death,assist,gold,lasthit,neutralKilled,neutralKilledTJungle,neutralKilledEJungle,totalDamageToChamp,pDamageToChamp,mDamageDealtToChamp,totalHeal,totalDamageTaken,pDamageTaken,mDamageTaken,wardsPlaced,wardsKilled,visionWardsBought
LPL,TT,2021-01-21,29.0,Top,Chelizi,0,516,0,4,3,9184,228,9,5,0,5733,2759,2763,1312,20979,10191,8441,13,5,6
LPL,TT,2021-01-21,29.0,Jungle,bless,0,2,2,2,3,9191,194,129,89,11,8603,6414,0,14209,30531,18007,10759,7,13,7
LPL,TT,2021-01-21,29.0,Mid,Twila,0,134,1,3,0,9506,230,16,16,0,9646,367,9278,1446,9153,3455,5435,8,1,1
LPL,TT,2021-01-21,29.0,Bot,SamD,0,18,3,7,0,11665,251,8,8,0,8086,6364,1602,3772,16499,9397,5746,11,13,4
LPL,TT,2021-01-21,29.0,Support,Teeen,0,111,0,2,5,5988,39,0,0,0,4674,1054,2841,810,9097,4141,4461,40,6,15
LPL,WE,2021-01-21,29.0,Top,Breathe,1,41,2,0,9,14136,292,29,15,4,14087,10966,2586,2171,10769,8248,2251,12,5,3
LPL,WE,2021-01-21,29.0,Jungle,beishang,1,76,2,0,6,11183,215,183,98,37,9165,346,8735,19592,23817,16251,7355,5,13,6
LPL,WE,2021-01-21,29.0,Mid,Shanks,1,142,3,1,5,12262,261,22,16,1,15798,1104,13145,3823,10667,6260,3691,13,5,4
LPL,WE,2021-01-21,29.0,Bot,Jiumeng,1,145,8,3,6,14513,275,14,14,0,19829,11543,5397,6620,14770,9903,4589,12,10,4
LPL,WE,2021-01-21,29.0,Support,Missing,1,89,3,2,7,8689,54,0,0,0,5572,1519,2886,2229,16048,9669,4555,39,9,12
LPL,TT,2021-01-21,25.166666666666668,Top,Chelizi,0,150,0,3,0,8297,208,8,1,0,12261,11424,836,3409,21558,10085,10179,11,2,4
LPL,TT,2021-01-21,25.166666666666668,Jungle,bless,0,2,2,6,1,7983,157,106,86,4,5170,3869,57,12495,32081,16797,14937,5,12,5
LPL,TT,2021-01-21,25.166666666666668,Mid,Twila,0,112,0,3,1,8009,219,2,1,0,13152,147,13004,1975,11254,4337,5931,12,3,5
LPL,TT,2021-01-21,25.166666666666668,Bot,SamD,0,67,2,8,3,8492,187,10,6,0,6696,5162,70,4768,15983,7731,7611,8,7,2
LPL,TT,2021-01-21,25.166666666666668,Support,Teeen,0,201,1,3,4,5439,30,0,0,0,4048,525,3522,1485,14937,6106,7753,39,4,13
LPL,WE,2021-01-21,25.166666666666668,Top,Breathe,1,41,3,0,11,12381,241,20,9,4,16249,10405,4859,5312,12830,8146,4576,11,3,3
LPL,WE,2021-01-21,25.166666666666668,Jungle,beishang,1,76,1,0,7,9296,167,144,84,29,8386,984,7095,22242,26703,20258,5929,7,10,4
LPL,WE,2021-01-21,25.166666666666668,Mid,Shanks,1,142,10,0,7,13329,226,28,16,8,22647,1281,19254,7078,12776,7015,5689,13,5,5
LPL,WE,2021-01-21,25.166666666666668,Bot,Jiumeng,1,145,9,2,7,12428,204,17,7,2,18411,13405,4623,7398,15667,11314,3372,10,9,3
LPL,WE,2021-01-21,25.166666666666668,Support,Missing,1,43,0,3,18,7792,21,0,0,0,11072,1423,9089,2414,12882,9559,2292,37,11,9
