League,team,date,min,role,name,win,hero,kill,death,assist,gold,lasthit,neutralKilled,neutralKilledTJungle,neutralKilledEJungle,totalDamageToChamp,pDamageToChamp,mDamageDealtToChamp,totalHeal,totalDamageTaken,pDamageTaken,mDamageTaken,wardsPlaced,wardsKilled,visionWardsBought
LPL,OMG,2021-01-21,40.266666666666666,Top,Bright,0,68,2,4,10,12088,213,0,0,0,19779,388,19291,1610,19292,8858,9966,19,12,6
LPL,OMG,2021-01-21,40.266666666666666,Jungle,Aki,0,163,6,5,8,16018,258,192,128,13,20525,391,18937,10477,25310,13745,10800,29,19,11
LPL,OMG,2021-01-21,40.266666666666666,Mid,Wuming,0,58,3,6,7,15064,273,10,8,0,17302,15624,1677,18775,56041,21529,31024,24,6,10
LPL,OMG,2021-01-21,40.266666666666666,Bot,Eric,0,145,6,6,8,17733,368,48,40,4,22798,16260,6090,11510,28038,14960,11635,31,23,4
LPL,OMG,2021-01-21,40.266666666666666,Support,COLD,0,875,1,7,15,9360,38,0,0,0,10931,6720,182,1980,31950,15497,14876,78,15,28
LPL,RNG,2021-01-21,40.266666666666666,Top,Xiaohu,1,150,0,3,19,15422,340,30,15,3,21796,16613,5183,10946,38876,25825,11959,17,20,6
LPL,RNG,2021-01-21,40.266666666666666,Jungle,Wei,1,76,0,4,25,12768,207,154,97,13,19241,691,18255,24116,32239,21356,9627,66,42,16
LPL,RNG,2021-01-21,40.266666666666666,Mid,Cryin,1,61,13,3,13,19674,342,49,32,2,44854,1373,43255,1610,14692,5977,8007,17,9,4
LPL,RNG,2021-01-21,40.266666666666666,Bot,GALA,1,523,15,4,9,20708,403,59,40,8,39008,29726,2061,7767,21620,11183,9356,11,19,4
LPL,RNG,2021-01-21,40.266666666666666,Support,Ming,1,412,0,4,25,9399,46,0,0,0,8153,1080,7072,3648,19426,6741,11047,68,18,18
LPL,RNG,2021-01-21,32.81666666666667,Top,Xiaohu,1,236,2,3,3,15434,330,50,17,16,12294,10568,1162,3746,11280,5823,5257,11,10,1
LPL,RNG,2021-01-21,32.81666666666667,Jungle,Wei,1,76,1,0,4,11301,216,171,89,24,8851,691,7676,23061,27564,22134,5194,51,35,11
LPL,RNG,2021-01-21,32.81666666666667,Mid,Cryin,1,58,1,3,4,12815,289,17,8,2,8724,7913,810,12217,30865,16629,11893,13,5,2
LPL,RNG,2021-01-21,32.81666666666667,Bot,GALA,1,360,6,1,1,17630,384,49,31,13,11736,10280,948,5610,15046,8557,6052,5,9,1
LPL,RNG,2021-01-21,32.81666666666667,Support,Ming,1,12,0,1,8,8154,37,0,0,0,2639,313,1714,6846,13924,4445,8493,50,14,13
LPL,OMG,2021-01-21,32.81666666666667,Top,Bright,0,61,3,1,1,11519,257,12,7,0,17437,1162,16270,1762,8926,7136,1713,14,9,5
LPL,OMG,2021-01-21,32.81666666666667,Jungle,Aki,0,876,0,2,4,9813,199,165,121,8,8140,252,6327,12587,24552,16913,7398,18,10,9
LPL,OMG,2021-01-21,32.81666666666667,Mid,Wuming,0,24,4,2,3,12751,278,12,4,8,11740,8585,3115,6086,17635,14187,2664,17,6,6
LPL,OMG,2021-01-21,32.81666666666667,Bot,Eric,0,145,1,2,2,13262,363,26,26,0,9601,5731,2202,7002,13278,11174,1932,25,17,3
LPL,OMG,2021-01-21,32.81666666666667,Support,COLD,0,3,0,3,6,6661,43,0,0,0,4773,176,4596,1455,15022,10938,3189,57,9,22
