League,team,date,min,role,name,win,hero,kill,death,assist,gold,lasthit,neutralKilled,neutralKilledTJungle,neutralKilledEJungle,totalDamageToChamp,pDamageToChamp,mDamageDealtToChamp,totalHeal,totalDamageTaken,pDamageTaken,mDamageTaken,wardsPlaced,wardsKilled,visionWardsBought
LPL,RA,2021-01-22,42.3,Top,Cube,0,58,2,3,3,13356,297,12,7,0,11992,10938,1053,11485,38480,22104,15266,27,13,12
LPL,RA,2021-01-22,42.3,Jungle,Leyan,0,876,4,5,4,14965,294,233,147,30,24514,571,18674,13658,34015,18757,14541,7,12,4
LPL,RA,2021-01-22,42.3,Mid,FoFo,0,61,0,4,10,14044,320,32,24,5,16260,832,15342,4250,15533,8395,6320,20,11,5
LPL,RA,2021-01-22,42.3,Bot,iBoy,0,498,5,3,4,18149,435,42,31,2,22666,21954,393,10027,24135,13935,8600,12,23,5
LPL,RA,2021-01-22,42.3,Support,Hang,0,111,3,7,7,9475,54,0,0,0,7206,851,5131,1370,22491,11598,9235,78,14,21
LPL,BLG,2021-01-22,42.3,Top,Biubiu,1,79,1,7,14,12428,213,0,0,0,14969,1209,13110,18439,44107,20813,19188,22,5,7
LPL,BLG,2021-01-22,42.3,Jungle,Meteor,1,104,6,0,11,20421,372,237,135,32,21150,16564,3334,15160,26005,18316,6718,7,15,6
LPL,BLG,2021-01-22,42.3,Mid,Zeka,1,134,5,1,11,16233,310,14,8,5,29107,1175,26879,2420,9829,5445,3940,16,11,8
LPL,BLG,2021-01-22,42.3,Bot,Aiming,1,202,10,1,7,21189,374,48,29,6,30814,26676,2369,4617,12927,8574,3902,19,18,6
LPL,BLG,2021-01-22,42.3,Support,Mark,1,12,0,5,17,10214,39,0,0,0,6339,444,4719,10523,25066,12905,8177,82,16,22
LPL,BLG,2021-01-22,39.95,Top,Biubiu,1,164,5,4,11,15818,288,28,13,0,23983,14572,847,20936,41044,25248,14750,20,10,6
LPL,BLG,2021-01-22,39.95,Jungle,Meteor,1,104,6,0,10,16060,302,227,163,9,19798,15054,3687,14424,22166,16373,5391,8,22,7
LPL,BLG,2021-01-22,39.95,Mid,Zeka,1,3,1,3,18,13586,259,16,16,0,20236,36,20074,7049,26794,17812,7814,20,4,15
LPL,BLG,2021-01-22,39.95,Bot,Aiming,1,145,10,3,4,20386,421,41,29,4,35770,20541,11952,12591,25470,14538,10650,20,21,6
LPL,BLG,2021-01-22,39.95,Support,Mark,1,12,0,3,20,9357,50,1,0,0,9162,293,7614,18607,29713,13558,13915,77,28,22
LPL,RA,2021-01-22,39.95,Top,Cube,0,150,2,4,4,14701,331,9,5,0,24875,22254,2515,11966,38828,22830,11105,22,4,8
LPL,RA,2021-01-22,39.95,Jungle,Leyan,0,76,4,4,5,16120,313,252,169,20,23241,828,21403,30419,41265,26799,12658,41,29,7
LPL,RA,2021-01-22,39.95,Mid,FoFo,0,142,4,4,4,14102,280,24,19,0,27249,3071,22164,6265,19634,9091,7819,19,3,6
LPL,RA,2021-01-22,39.95,Bot,iBoy,0,498,3,5,7,16847,406,35,31,4,28881,27289,917,11093,26557,14359,9929,15,16,6
LPL,RA,2021-01-22,39.95,Support,Hang,0,89,0,5,10,9030,54,0,0,0,4607,782,2564,1297,20957,11726,6647,85,26,22
