League,team,date,min,role,name,win,hero,kill,death,assist,gold,lasthit,neutralKilled,neutralKilledTJungle,neutralKilledEJungle,totalDamageToChamp,pDamageToChamp,mDamageDealtToChamp,totalHeal,totalDamageTaken,pDamageTaken,mDamageTaken,wardsPlaced,wardsKilled,visionWardsBought
LPL,EDG,2021-01-22,33.88333333333333,Top,Flandre,1,58,0,1,6,14241,332,29,10,4,9249,8117,1132,8606,24736,14477,9163,11,11,7
LPL,EDG,2021-01-22,33.88333333333333,Jungle,Jiejie,1,76,2,1,6,11358,196,162,111,16,11006,918,9869,21079,26162,18819,6902,31,19,9
LPL,EDG,2021-01-22,33.88333333333333,Mid,Scout,1,7,5,3,2,12864,243,36,25,4,10418,882,8310,5948,19085,8293,8553,8,10,7
LPL,EDG,2021-01-22,33.88333333333333,Bot,Viper,1,145,2,1,3,16321,408,46,41,0,14557,10493,2397,5559,13844,10207,3370,12,14,4
LPL,EDG,2021-01-22,33.88333333333333,Support,Meiko,1,875,1,4,6,7788,38,0,0,0,4463,2550,112,454,14547,10869,3408,53,17,17
LPL,JDG,2021-01-22,33.88333333333333,Top,Zoom,0,516,1,3,3,12373,298,8,8,0,9994,3985,6009,2467,17531,10374,6009,18,7,6
LPL,JDG,2021-01-22,33.88333333333333,Jungle,Kanavi,0,104,3,3,3,12831,247,197,145,3,10595,8614,1549,6781,13691,6946,5374,33,20,10
LPL,JDG,2021-01-22,33.88333333333333,Mid,Yagao,0,142,3,1,3,11879,253,16,13,0,17602,1489,13627,6250,13261,6297,6255,13,10,6
LPL,JDG,2021-01-22,33.88333333333333,Bot,LokeN,0,21,2,1,6,13805,325,28,19,0,18029,15970,1436,1774,9122,4152,3934,14,12,7
LPL,JDG,2021-01-22,33.88333333333333,Support,LvMao,0,3,1,2,7,7760,33,0,0,0,6064,0,5292,1863,12952,9885,2416,58,9,19
LPL,JDG,2021-01-22,41.13333333333333,Top,Zoom,0,150,2,4,0,15141,349,8,1,0,21077,17476,3601,8388,33995,17618,14782,19,14,5
LPL,JDG,2021-01-22,41.13333333333333,Jungle,Kanavi,0,876,2,4,2,11984,223,167,111,9,19199,438,14122,15234,34173,26788,6675,41,24,11
LPL,JDG,2021-01-22,41.13333333333333,Mid,Yagao,0,7,1,2,3,14585,310,28,20,0,12787,533,11157,7516,26252,10653,14140,19,22,11
LPL,JDG,2021-01-22,41.13333333333333,Bot,LokeN,0,145,2,2,4,18199,482,85,72,8,20612,13654,6057,9699,23145,15990,6308,15,16,7
LPL,JDG,2021-01-22,41.13333333333333,Support,LvMao,0,12,0,8,4,7549,31,0,0,0,4779,222,3191,3645,23429,13349,8469,70,9,19
LPL,EDG,2021-01-22,41.13333333333333,Top,Flandre,1,58,3,1,9,17039,354,14,10,0,20729,17781,2688,21849,54786,33082,18088,11,14,7
LPL,EDG,2021-01-22,41.13333333333333,Jungle,Jiejie,1,163,1,1,11,13000,233,189,127,12,11367,410,10173,12489,20477,12950,6899,47,22,14
LPL,EDG,2021-01-22,41.13333333333333,Mid,Scout,1,112,4,2,6,16000,345,60,47,1,28331,238,26346,3878,12228,5893,5431,20,10,6
LPL,EDG,2021-01-22,41.13333333333333,Bot,Viper,1,498,10,1,5,21108,460,53,30,1,32407,27577,3471,2438,6638,3026,2739,19,27,6
LPL,EDG,2021-01-22,41.13333333333333,Support,Meiko,1,89,2,2,14,10227,34,0,0,0,7083,1335,3675,4127,19044,7533,7530,74,10,23
