League,team,date,min,role,name,win,hero,kill,death,assist,gold,lasthit,neutralKilled,neutralKilledTJungle,neutralKilledEJungle,totalDamageToChamp,pDamageToChamp,mDamageDealtToChamp,totalHeal,totalDamageTaken,pDamageTaken,mDamageTaken,wardsPlaced,wardsKilled,visionWardsBought
LPL,TES,2021-01-23,31.133333333333333,Top,369,1,150,0,0,2,13097,317,22,8,9,17960,14352,3608,11014,21917,14754,5113,14,11,5
LPL,TES,2021-01-23,31.133333333333333,Jungle,Karsa,1,79,1,2,5,10231,179,160,99,9,7688,445,6593,18974,28318,21489,5773,31,13,8
LPL,TES,2021-01-23,31.133333333333333,Mid,knight,1,134,2,0,3,13275,316,27,7,16,9674,604,9069,2002,8109,3616,4110,5,8,3
LPL,TES,2021-01-23,31.133333333333333,Bot,JackeyLove,1,360,9,0,1,16126,332,16,12,0,14928,12632,1527,5868,19441,14717,3543,13,12,8
LPL,TES,2021-01-23,31.133333333333333,Support,Zhuo,1,526,1,0,9,8267,40,0,0,0,3184,342,2412,2418,10451,6210,3733,62,19,14
LPL,LGD,2021-01-23,31.133333333333333,Top,Cult,0,516,0,2,0,9593,242,2,0,0,5766,2582,2961,1234,21883,14904,6259,9,4,3
LPL,LGD,2021-01-23,31.133333333333333,Jungle,Kui,0,104,2,2,0,10153,198,164,105,25,6739,4829,1242,7296,15769,12068,3572,9,19,10
LPL,LGD,2021-01-23,31.133333333333333,Mid,Uniboy,0,142,0,3,2,9820,249,4,0,4,13387,921,10669,3986,11907,3932,7723,21,9,6
LPL,LGD,2021-01-23,31.133333333333333,Bot,Kramer,0,523,0,3,1,12490,337,44,34,0,12549,10756,306,2515,11155,8015,2725,13,13,4
LPL,LGD,2021-01-23,31.133333333333333,Support,Chance,0,412,0,3,1,6453,43,0,0,0,3016,141,2875,744,10417,5721,4362,54,18,16
LPL,LGD,2021-01-23,26.416666666666668,Top,Cult,0,164,5,2,3,10960,207,8,1,0,11662,7653,871,5195,20499,16003,3775,12,5,4
LPL,LGD,2021-01-23,26.416666666666668,Jungle,Kui,0,876,0,6,6,7457,133,120,77,20,10844,557,7093,9665,26418,15936,10182,8,8,8
LPL,LGD,2021-01-23,26.416666666666668,Mid,Uniboy,0,3,3,4,3,9517,210,4,0,0,11755,193,11562,601,16207,10958,4653,14,4,5
LPL,LGD,2021-01-23,26.416666666666668,Bot,Kramer,0,145,3,5,2,9685,221,21,14,0,12484,8353,4027,5711,18245,11647,6493,10,5,3
LPL,LGD,2021-01-23,26.416666666666668,Support,Chance,0,89,0,8,3,5435,34,0,0,0,4043,1018,2499,0,15224,9043,5493,46,12,16
LPL,TES,2021-01-23,26.416666666666668,Top,369,1,150,3,4,6,10899,240,16,10,1,16685,14241,2197,4366,21246,12490,6941,10,7,2
LPL,TES,2021-01-23,26.416666666666668,Jungle,Karsa,1,79,7,3,9,9693,118,94,58,8,9738,1025,7790,12423,21136,12615,6922,25,8,11
LPL,TES,2021-01-23,26.416666666666668,Mid,knight,1,13,3,1,9,11968,260,38,17,6,12887,866,12021,5234,12805,6402,5322,10,5,2
LPL,TES,2021-01-23,26.416666666666668,Bot,JackeyLove,1,498,11,1,8,15049,257,20,12,8,24836,23169,1246,1161,13153,7185,5294,13,13,5
LPL,TES,2021-01-23,26.416666666666668,Support,Zhuo,1,12,1,2,18,7675,35,0,0,0,6071,927,4327,9754,12318,6178,4348,34,16,11
