League,team,date,min,role,name,win,hero,kill,death,assist,gold,lasthit,neutralKilled,neutralKilledTJungle,neutralKilledEJungle,totalDamageToChamp,pDamageToChamp,mDamageDealtToChamp,totalHeal,totalDamageTaken,pDamageTaken,mDamageTaken,wardsPlaced,wardsKilled,visionWardsBought
LPL,FPX,2021-01-23,31.566666666666666,Top,Nuguri,1,150,1,1,7,11639,250,14,5,2,17234,13941,3293,7194,20957,15116,4358,10,7,4
LPL,FPX,2021-01-23,31.566666666666666,Jungle,Bo,1,2,0,3,8,10451,210,186,112,27,6627,4619,0,21439,34892,26141,5925,11,18,11
LPL,FPX,2021-01-23,31.566666666666666,Mid,Doinb,1,112,5,1,7,13159,288,59,45,5,21096,290,20806,3674,9975,4684,5066,15,2,5
LPL,FPX,2021-01-23,31.566666666666666,Bot,Lwx,1,21,7,0,4,14422,271,31,24,0,18787,12694,4652,5420,11475,7184,3860,15,9,6
LPL,FPX,2021-01-23,31.566666666666666,Support,Crisp,1,147,0,2,12,7578,24,0,0,0,5519,1020,4498,4628,6137,4488,1617,50,17,14
LPL,SN,2021-01-23,31.566666666666666,Top,Bin,0,62,1,3,3,10641,237,18,9,0,10302,8299,2002,3416,23418,15149,7286,12,3,4
LPL,SN,2021-01-23,31.566666666666666,Jungle,SofM,0,59,1,3,4,9718,178,139,98,0,6679,5964,227,11852,26905,17956,8012,17,16,16
LPL,SN,2021-01-23,31.566666666666666,Mid,Angel,0,4,0,1,6,11970,260,4,4,0,11597,760,10837,3979,14655,4744,9546,20,5,8
LPL,SN,2021-01-23,31.566666666666666,Bot,huanfeng,0,523,5,3,0,14137,322,32,32,0,21765,17232,564,3346,16774,9692,6408,12,8,5
LPL,SN,2021-01-23,31.566666666666666,Support,ON,0,412,0,3,5,6894,37,0,0,0,3372,445,2389,1194,10301,4969,4837,56,12,15
LPL,SN,2021-01-23,37.18333333333333,Top,Bin,0,58,3,6,10,13990,268,10,7,0,17696,15746,1950,13431,40157,23668,15301,14,7,7
LPL,SN,2021-01-23,37.18333333333333,Jungle,SofM,0,64,2,2,9,11172,184,158,110,8,13330,11262,1110,13546,37376,24417,12210,23,16,11
LPL,SN,2021-01-23,37.18333333333333,Mid,Angel,0,134,5,2,5,13186,236,7,5,0,22659,1059,21600,1286,9876,7235,2618,15,9,9
LPL,SN,2021-01-23,37.18333333333333,Bot,huanfeng,0,498,6,3,8,17027,367,42,38,0,36279,34648,1406,2700,18105,11096,6750,16,15,4
LPL,SN,2021-01-23,37.18333333333333,Support,ON,0,12,2,5,11,8387,28,0,0,0,8471,1111,6098,6516,19301,8376,9483,89,6,29
LPL,FPX,2021-01-23,37.18333333333333,Top,Nuguri,1,150,3,2,9,15322,290,24,8,12,28391,21369,7022,12368,29374,20618,8441,13,16,5
LPL,FPX,2021-01-23,37.18333333333333,Jungle,Bo,1,163,5,5,9,15201,262,230,147,21,29091,651,27153,8685,20287,15760,4104,6,7,5
LPL,FPX,2021-01-23,37.18333333333333,Mid,Doinb,1,240,3,4,8,15568,307,18,11,0,15901,15443,458,10092,48257,35275,12068,8,21,6
LPL,FPX,2021-01-23,37.18333333333333,Bot,Lwx,1,145,6,4,5,16755,361,48,41,0,14601,8414,4283,7664,18277,12424,5289,13,18,4
LPL,FPX,2021-01-23,37.18333333333333,Support,Crisp,1,89,1,3,9,8599,39,0,0,0,4822,1303,3052,2210,13125,8055,4839,80,19,27
