League,team,date,min,role,name,win,hero,kill,death,assist,gold,lasthit,neutralKilled,neutralKilledTJungle,neutralKilledEJungle,totalDamageToChamp,pDamageToChamp,mDamageDealtToChamp,totalHeal,totalDamageTaken,pDamageTaken,mDamageTaken,wardsPlaced,wardsKilled,visionWardsBought
LPL,RW,2021-01-24,25.483333333333334,Top,Ziv,0,58,1,1,0,9499,244,4,0,0,5625,5354,271,4884,15021,9353,5555,13,5,5
LPL,RW,2021-01-24,25.483333333333334,Jungle,Haro,0,64,1,3,3,7566,137,117,90,9,2319,1721,434,5676,19618,11691,7586,15,8,8
LPL,RW,2021-01-24,25.483333333333334,Mid,Forge,0,4,0,3,2,8686,202,0,0,0,9414,280,8844,2831,11630,5511,5033,9,5,4
LPL,RW,2021-01-24,25.483333333333334,Bot,Michi,0,360,2,1,2,9076,211,8,8,0,3941,3520,420,2199,9326,5388,3658,10,3,4
LPL,RW,2021-01-24,25.483333333333334,Support,Reheal,0,3,0,5,3,5213,31,0,0,0,2953,42,2571,0,9315,7190,1125,27,6,13
LPL,V5,2021-01-24,25.483333333333334,Top,Aodi,1,79,0,1,6,8810,194,3,3,0,8485,1273,7212,7388,13256,10906,2349,11,3,8
LPL,V5,2021-01-24,25.483333333333334,Jungle,Weiwei,1,104,5,0,5,12145,225,196,107,34,10262,9051,834,7345,12302,8423,3878,12,5,9
LPL,V5,2021-01-24,25.483333333333334,Mid,Mole,1,142,2,0,6,10776,238,16,8,4,11178,996,8980,1561,6137,2133,3633,5,5,3
LPL,V5,2021-01-24,25.483333333333334,Bot,Trigger,1,145,6,0,4,12437,230,31,13,11,11067,8415,2026,3729,6683,4757,1926,12,4,5
LPL,V5,2021-01-24,25.483333333333334,Support,ppgod,1,89,0,3,11,6831,36,0,0,0,3223,922,1687,1315,9852,5673,3754,34,10,12
LPL,V5,2021-01-24,25.883333333333333,Top,Aodi,1,58,3,1,6,11334,226,11,5,2,9396,8952,443,6241,17347,10774,5954,8,4,5
LPL,V5,2021-01-24,25.883333333333333,Jungle,Weiwei,1,77,5,1,13,11043,168,148,85,4,7097,2787,3592,13583,25652,18505,6387,10,13,9
LPL,V5,2021-01-24,25.883333333333333,Mid,Mole,1,13,7,2,8,13685,279,44,37,1,9670,598,9021,9287,15401,9035,5631,9,9,5
LPL,V5,2021-01-24,25.883333333333333,Bot,Trigger,1,145,6,0,7,12662,260,18,8,10,12026,8066,3365,4896,10453,8011,2018,10,4,4
LPL,V5,2021-01-24,25.883333333333333,Support,ppgod,1,12,0,1,14,6734,39,0,0,0,3558,498,2646,6702,10542,5715,4434,38,15,9
LPL,RW,2021-01-24,25.883333333333333,Top,Ziv,0,150,0,3,3,8312,223,16,8,0,11635,8871,2764,4134,14098,9877,3804,9,3,1
LPL,RW,2021-01-24,25.883333333333333,Jungle,Haro,0,876,2,4,2,8082,157,122,101,0,11411,435,8452,7897,18920,13598,5132,24,11,6
LPL,RW,2021-01-24,25.883333333333333,Mid,Forge,0,134,3,5,2,9305,211,10,7,0,8568,762,7806,1451,10835,6444,4038,11,6,4
LPL,RW,2021-01-24,25.883333333333333,Bot,Michi,0,360,0,4,1,8466,229,4,4,0,5593,4710,739,1488,11755,7552,3606,11,11,5
LPL,RW,2021-01-24,25.883333333333333,Support,Reheal,0,526,0,5,2,5177,29,0,0,0,2813,260,2292,435,10287,5330,4735,33,6,11
