League,team,date,min,role,name,win,hero,kill,death,assist,gold,lasthit,neutralKilled,neutralKilledTJungle,neutralKilledEJungle,totalDamageToChamp,pDamageToChamp,mDamageDealtToChamp,totalHeal,totalDamageTaken,pDamageTaken,mDamageTaken,wardsPlaced,wardsKilled,visionWardsBought
LPL,WE,2021-01-24,32.95,Top,Breathe,1,150,2,2,10,14029,301,24,13,0,15581,12216,2949,8858,20146,13248,6300,21,9,11
LPL,WE,2021-01-24,32.95,Jungle,beishang,1,104,3,1,7,13355,264,206,134,9,6722,4903,1656,9551,17309,12285,4418,10,24,9
LPL,WE,2021-01-24,32.95,Mid,Shanks,1,142,2,1,6,13159,278,20,12,8,13118,511,11592,6242,14242,3379,10862,19,12,8
LPL,WE,2021-01-24,32.95,Bot,Jiumeng,1,145,8,0,5,16717,303,22,9,12,16027,10162,4604,9062,17275,7802,7288,18,14,8
LPL,WE,2021-01-24,32.95,Support,Missing,1,12,0,4,12,8780,50,0,0,0,3796,680,2392,6755,17972,9535,6405,58,17,17
LPL,LNG,2021-01-24,32.95,Top,M1kuya,0,164,2,3,3,11501,259,16,1,8,7382,5080,395,5067,19370,12725,5561,9,9,7
LPL,LNG,2021-01-24,32.95,Jungle,Tarzan,0,76,2,4,5,10310,190,163,128,4,13136,365,12350,16562,27471,18822,8007,36,20,9
LPL,LNG,2021-01-24,32.95,Mid,icon,0,61,1,2,5,11970,301,20,19,0,16616,196,16420,516,8672,5564,2613,11,8,4
LPL,LNG,2021-01-24,32.95,Bot,Light,0,498,3,3,4,14083,304,26,21,1,15364,13272,435,4914,14798,10628,3576,14,9,4
LPL,LNG,2021-01-24,32.95,Support,Iwandy,0,497,0,3,6,6920,45,0,0,0,3747,282,3027,2579,13744,5769,7213,80,19,9
LPL,WE,2021-01-24,31.9,Top,Breathe,1,41,0,1,12,13248,274,16,11,0,16671,11657,3877,4986,12857,7967,4240,18,5,7
LPL,WE,2021-01-24,31.9,Jungle,beishang,1,104,14,1,8,17113,248,174,91,14,20631,17115,2430,10651,18063,11182,6426,11,16,10
LPL,WE,2021-01-24,31.9,Mid,Shanks,1,61,4,1,17,13674,264,17,14,1,25489,1416,23773,2073,10163,6442,3219,14,16,9
LPL,WE,2021-01-24,31.9,Bot,Jiumeng,1,145,4,1,4,14557,342,49,23,20,14873,9965,2542,8004,18070,12414,5306,17,16,6
LPL,WE,2021-01-24,31.9,Support,Missing,1,875,1,2,13,8420,53,2,0,2,8838,6576,232,2639,19303,9733,8701,55,19,12
LPL,LNG,2021-01-24,31.9,Top,M1kuya,0,150,2,4,2,11601,247,0,0,0,11495,10002,1492,4475,26449,14483,10296,13,5,9
LPL,LNG,2021-01-24,31.9,Jungle,Tarzan,0,876,0,4,3,9543,201,163,116,13,8439,275,5917,15657,30438,19264,9717,26,9,6
LPL,LNG,2021-01-24,31.9,Mid,icon,0,3,1,7,4,10186,237,8,1,4,13190,93,12786,1387,21132,13238,6067,7,6,3
LPL,LNG,2021-01-24,31.9,Bot,Light,0,498,3,4,2,13406,315,28,24,0,14468,12598,1602,4928,20460,13445,6324,10,13,3
LPL,LNG,2021-01-24,31.9,Support,Iwandy,0,12,0,4,3,6426,38,0,0,0,4880,271,4608,4921,20408,13955,5178,69,14,19
