League,team,date,min,role,name,win,hero,kill,death,assist,gold,lasthit,neutralKilled,neutralKilledTJungle,neutralKilledEJungle,totalDamageToChamp,pDamageToChamp,mDamageDealtToChamp,totalHeal,totalDamageTaken,pDamageTaken,mDamageTaken,wardsPlaced,wardsKilled,visionWardsBought
LPL,EDG,2021-01-25,33.733333333333334,Top,Flandre,1,150,4,2,5,13332,269,26,7,5,10790,9142,1647,4789,19615,13214,5924,10,8,5
LPL,EDG,2021-01-25,33.733333333333334,Jungle,Jiejie,1,876,3,0,10,12508,215,177,102,29,12786,824,8500,19213,26834,19608,6850,17,12,15
LPL,EDG,2021-01-25,33.733333333333334,Mid,Scout,1,268,2,5,8,13468,299,56,48,0,19859,852,19006,3274,17200,8650,8168,18,10,6
LPL,EDG,2021-01-25,33.733333333333334,Bot,Viper,1,145,9,1,8,18338,392,36,19,8,24416,16954,6305,8015,13345,10580,2361,17,13,6
LPL,EDG,2021-01-25,33.733333333333334,Support,Meiko,1,875,4,1,13,9936,42,0,0,0,9870,6487,794,705,16997,12026,3541,52,12,17
LPL,TT,2021-01-25,33.733333333333334,Top,Chelizi,0,39,2,5,3,12335,298,12,4,0,11630,8351,3279,6662,26207,13016,11739,15,4,5
LPL,TT,2021-01-25,33.733333333333334,Jungle,Xiaopeng,0,120,4,6,3,11120,175,146,116,0,11290,9217,1405,19077,38170,24473,11310,11,15,12
LPL,TT,2021-01-25,33.733333333333334,Mid,Twila,0,61,0,3,7,12302,306,13,11,0,13470,456,13014,3021,14845,7831,6404,10,7,3
LPL,TT,2021-01-25,33.733333333333334,Bot,SamD,0,523,3,4,2,13630,326,40,36,0,18278,15627,251,4614,14797,8720,4809,11,18,3
LPL,TT,2021-01-25,33.733333333333334,Support,Teeen,0,412,0,4,4,6340,28,0,0,0,2883,308,2574,2336,13177,6553,5134,60,6,22
LPL,TT,2021-01-25,33.46666666666667,Top,Chelizi,0,150,2,2,6,13830,307,29,11,0,11462,9385,2077,4331,22222,10263,9388,18,9,9
LPL,TT,2021-01-25,33.46666666666667,Jungle,Xiaopeng,0,421,4,6,2,10125,148,128,79,13,6702,5478,0,13767,28532,19039,7631,10,17,12
LPL,TT,2021-01-25,33.46666666666667,Mid,Twila,0,61,1,1,9,12862,307,34,26,8,13914,616,13298,3394,12770,6456,5789,14,8,4
LPL,TT,2021-01-25,33.46666666666667,Bot,SamD,0,360,4,3,3,13593,307,40,32,4,6568,5840,648,8320,24775,17656,5190,12,9,3
LPL,TT,2021-01-25,33.46666666666667,Support,Teeen,0,12,0,3,8,7161,26,0,0,0,4035,486,2921,5462,17057,9438,6192,54,5,18
LPL,EDG,2021-01-25,33.46666666666667,Top,Flandre,1,41,4,1,5,15092,307,18,13,2,16313,10912,4786,4883,14700,9261,4658,12,5,4
LPL,EDG,2021-01-25,33.46666666666667,Jungle,Jiejie,1,876,3,4,4,9719,160,138,90,10,10120,627,6301,12420,25481,18919,6044,12,13,12
LPL,EDG,2021-01-25,33.46666666666667,Mid,Scout,1,268,4,2,2,14000,315,49,23,12,16305,387,15918,2987,11394,7328,3965,19,11,8
LPL,EDG,2021-01-25,33.46666666666667,Bot,Viper,1,523,4,1,7,16386,370,52,34,6,29788,24541,740,2884,7587,5648,1827,13,15,4
LPL,EDG,2021-01-25,33.46666666666667,Support,Meiko,1,412,0,3,11,7397,27,0,0,0,4040,468,3571,1669,13502,7138,5943,44,5,13
