League,team,date,min,role,name,win,hero,kill,death,assist,gold,lasthit,neutralKilled,neutralKilledTJungle,neutralKilledEJungle,totalDamageToChamp,pDamageToChamp,mDamageDealtToChamp,totalHeal,totalDamageTaken,pDamageTaken,mDamageTaken,wardsPlaced,wardsKilled,visionWardsBought
LPL,JDG,2021-01-25,35.21666666666667,Top,Zoom,1,266,2,1,6,13604,296,28,14,4,17004,16131,108,17950,37116,23486,12071,20,6,10
LPL,JDG,2021-01-25,35.21666666666667,Jungle,Kanavi,1,60,3,2,8,12912,201,155,96,4,14931,948,13128,13437,21747,15193,6554,57,45,11
LPL,JDG,2021-01-25,35.21666666666667,Mid,Yagao,1,61,3,1,5,14660,316,44,38,1,11193,227,10695,553,9378,5208,4170,15,9,4
LPL,JDG,2021-01-25,35.21666666666667,Bot,LokeN,1,145,10,1,7,18463,371,39,29,8,24845,17122,6644,11901,20686,16278,3156,27,20,3
LPL,JDG,2021-01-25,35.21666666666667,Support,LvMao,1,79,2,4,11,8825,34,0,0,0,6621,335,5675,7166,17751,10436,6847,53,12,18
LPL,RA,2021-01-25,35.21666666666667,Top,Cube,0,150,3,1,1,13527,296,8,8,0,22229,18721,3507,8446,23223,10554,11709,20,23,8
LPL,RA,2021-01-25,35.21666666666667,Jungle,Leyan,0,80,3,8,2,11426,217,178,127,4,9932,8265,1009,12924,35373,23328,11306,32,24,8
LPL,RA,2021-01-25,35.21666666666667,Mid,FoFo,0,134,0,1,5,12574,323,30,20,1,22546,705,21840,1579,9073,3736,4547,17,10,4
LPL,RA,2021-01-25,35.21666666666667,Bot,iBoy,0,523,2,6,5,14714,330,22,20,0,19202,15957,626,3713,16275,9993,5630,14,23,7
LPL,RA,2021-01-25,35.21666666666667,Support,Hang,0,412,1,4,6,7745,52,0,0,0,4376,883,3492,2165,12405,7160,4806,72,26,23
LPL,RA,2021-01-25,28.7,Top,Cube,0,516,0,4,3,9447,239,4,1,0,11048,3824,7224,1683,21429,14176,4177,12,3,3
LPL,RA,2021-01-25,28.7,Jungle,Leyan,0,2,1,5,2,8224,162,144,114,4,10809,8440,0,15224,33464,24152,6724,7,13,6
LPL,RA,2021-01-25,28.7,Mid,FoFo,0,134,0,4,3,9699,260,16,12,0,13200,476,12724,2366,13503,7689,3951,11,3,2
LPL,RA,2021-01-25,28.7,Bot,iBoy,0,145,2,3,1,10365,242,7,6,0,9374,6718,2576,4518,14547,10058,3308,12,9,2
LPL,RA,2021-01-25,28.7,Support,Hang,0,875,2,4,2,6025,31,0,0,0,6616,3395,64,1114,13658,7728,4849,44,11,11
LPL,JDG,2021-01-25,28.7,Top,Zoom,1,266,7,0,8,14196,271,16,1,4,16939,16871,0,16079,30315,18264,11167,13,5,4
LPL,JDG,2021-01-25,28.7,Jungle,Kanavi,1,80,5,2,9,11055,188,146,95,6,16697,14318,1614,14024,26006,17498,5887,24,15,5
LPL,JDG,2021-01-25,28.7,Mid,Yagao,1,142,2,0,7,10677,246,26,15,6,15587,1120,12370,5712,10493,5347,4109,5,5,3
LPL,JDG,2021-01-25,28.7,Bot,LokeN,1,67,5,2,6,13235,256,57,39,18,16139,10361,0,3715,9203,5431,3484,15,12,7
LPL,JDG,2021-01-25,28.7,Support,LvMao,1,3,1,1,15,7432,32,0,0,0,7456,0,6376,542,11636,10416,445,35,6,8
