League,team,date,min,role,name,win,hero,kill,death,assist,gold,lasthit,neutralKilled,neutralKilledTJungle,neutralKilledEJungle,totalDamageToChamp,pDamageToChamp,mDamageDealtToChamp,totalHeal,totalDamageTaken,pDamageTaken,mDamageTaken,wardsPlaced,wardsKilled,visionWardsBought
LPL,RNG,2021-01-26,28.05,Top,Xiaohu,1,236,3,3,10,13417,262,40,21,8,12176,9788,1607,4028,10923,8853,1926,11,11,2
LPL,RNG,2021-01-26,28.05,Jungle,Wei,1,876,5,0,7,10687,171,148,85,7,12788,194,8816,12071,20804,16492,4312,15,6,10
LPL,RNG,2021-01-26,28.05,Mid,Cryin,1,58,2,1,10,12450,264,16,9,0,8847,7446,1401,10081,25504,14428,8705,13,9,5
LPL,RNG,2021-01-26,28.05,Bot,GALA,1,498,6,0,6,14434,302,47,32,15,15410,14057,1034,1631,7273,5026,2196,9,6,1
LPL,RNG,2021-01-26,28.05,Support,Ming,1,12,1,2,13,7787,27,0,0,0,3975,335,2994,6136,11064,6421,4189,47,8,14
LPL,V5,2021-01-26,28.05,Top,Aodi,0,150,2,5,4,9083,194,16,13,0,13101,11125,1790,2833,18662,12935,4541,10,2,7
LPL,V5,2021-01-26,28.05,Jungle,Weiwei,0,77,2,3,2,8861,166,148,102,12,5090,1640,2886,10386,21879,14619,6084,11,17,10
LPL,V5,2021-01-26,28.05,Mid,Mole,0,13,1,3,2,10385,260,8,8,0,11028,771,10256,4109,13477,8858,3572,13,2,6
LPL,V5,2021-01-26,28.05,Bot,y4,0,202,1,1,2,9547,258,14,14,0,12122,10474,1249,2121,11637,9028,1961,9,2,3
LPL,V5,2021-01-26,28.05,Support,ppgod,0,89,0,5,3,5576,36,0,0,0,2677,326,1762,208,11029,7227,2334,35,13,11
LPL,V5,2021-01-26,26.533333333333335,Top,Aodi,1,164,6,3,15,12218,180,22,11,0,19418,11827,1300,7973,22677,17259,4689,11,2,8
LPL,V5,2021-01-26,26.533333333333335,Jungle,Weiwei,1,876,7,2,13,12361,187,164,104,25,14814,663,8657,11685,25008,17503,7054,8,9,7
LPL,V5,2021-01-26,26.533333333333335,Mid,Mole,1,777,5,3,8,11025,206,15,11,0,13948,8204,3447,5170,14277,8292,5456,8,13,3
LPL,V5,2021-01-26,26.533333333333335,Bot,y4,1,21,7,2,11,12550,224,8,4,4,17944,14905,456,5626,12254,8414,3625,12,5,5
LPL,V5,2021-01-26,26.533333333333335,Support,ppgod,1,412,0,3,20,6924,27,0,0,0,5458,738,3878,1415,12604,9613,2833,36,8,10
LPL,RNG,2021-01-26,26.533333333333335,Top,Xiaohu,0,150,0,6,5,8461,200,24,15,0,8222,7059,1163,1751,18180,11879,3804,8,3,1
LPL,RNG,2021-01-26,26.533333333333335,Jungle,Wei,0,120,5,5,5,10682,169,151,91,23,15301,11783,2344,16613,33668,21661,6228,22,8,11
LPL,RNG,2021-01-26,26.533333333333335,Mid,Cryin,0,68,1,3,4,7799,167,5,3,0,12319,444,11875,3650,14838,9958,2965,12,5,6
LPL,RNG,2021-01-26,26.533333333333335,Bot,GALA,0,498,6,4,5,12542,247,12,12,0,17734,16597,963,2395,14032,8876,2831,7,6,2
LPL,RNG,2021-01-26,26.533333333333335,Support,Ming,0,12,1,7,9,6141,31,0,0,0,4659,418,3508,3888,19074,9266,4817,41,6,14
LPL,RNG,2021-01-26,31.883333333333333,Top,Xiaohu,1,84,8,2,4,13670,247,6,5,0,12823,2208,10449,7668,17993,10213,6712,12,5,3
LPL,RNG,2021-01-26,31.883333333333333,Jungle,Wei,1,2,2,4,11,10526,172,145,102,4,11851,8758,0,14945,33598,23548,9091,13,11,11
LPL,RNG,2021-01-26,31.883333333333333,Mid,Cryin,1,4,2,1,14,13378,243,24,13,4,15228,787,14316,3849,13997,7751,5993,12,4,1
LPL,RNG,2021-01-26,31.883333333333333,Bot,GALA,1,523,7,0,9,18052,376,38,22,9,18795,15388,516,6840,11058,6183,4421,12,12,4
LPL,RNG,2021-01-26,31.883333333333333,Support,Ming,1,412,1,2,15,8313,39,0,0,0,4341,837,2873,2311,13527,6892,5816,51,13,16
LPL,V5,2021-01-26,31.883333333333333,Top,Aodi,0,79,2,4,5,9429,184,13,9,0,12470,531,11913,8044,20517,10493,8791,8,0,6
LPL,V5,2021-01-26,31.883333333333333,Jungle,Weiwei,0,104,1,2,6,10831,214,173,123,5,11483,9365,1645,9980,19291,12420,5441,13,5,9
LPL,V5,2021-01-26,31.883333333333333,Mid,Mole,0,13,1,5,4,11090,246,16,13,0,10292,208,10048,4585,16592,8925,5610,13,9,10
LPL,V5,2021-01-26,31.883333333333333,Bot,y4,0,21,5,3,4,15505,322,22,21,0,21444,16255,2725,5824,12451,7159,4939,10,11,2
LPL,V5,2021-01-26,31.883333333333333,Support,ppgod,0,111,0,6,8,6654,29,0,0,0,3918,710,2654,194,14168,6973,5363,45,6,16
