League,team,date,min,role,name,win,hero,kill,death,assist,gold,lasthit,neutralKilled,neutralKilledTJungle,neutralKilledEJungle,totalDamageToChamp,pDamageToChamp,mDamageDealtToChamp,totalHeal,totalDamageTaken,pDamageTaken,mDamageTaken,wardsPlaced,wardsKilled,visionWardsBought
LPL,LNG,2021-01-26,30.883333333333333,Top,M1kuya,1,150,2,0,8,12413,265,25,5,8,11020,9478,1542,4960,15999,12912,2945,14,9,7
LPL,LNG,2021-01-26,30.883333333333333,Jungle,Tarzan,1,80,0,1,8,10097,186,165,104,3,7208,6333,233,14076,27210,20195,6856,17,6,5
LPL,LNG,2021-01-26,30.883333333333333,Mid,icon,1,142,7,0,4,13277,275,20,16,4,19280,1013,17503,4773,9268,6771,2496,5,12,2
LPL,LNG,2021-01-26,30.883333333333333,Bot,Light,1,360,4,0,6,14903,326,18,8,8,9306,8302,1003,3620,14410,9805,4427,14,7,4
LPL,LNG,2021-01-26,30.883333333333333,Support,Iwandy,1,12,0,0,10,7233,34,0,0,0,1965,227,1357,7115,8596,6504,2019,57,12,12
LPL,BLG,2021-01-26,30.883333333333333,Top,Biubiu,0,126,0,5,1,9982,260,7,7,0,15075,13791,1283,3151,16563,9589,6763,16,6,8
LPL,BLG,2021-01-26,30.883333333333333,Jungle,Meteor,0,104,0,0,1,9640,215,175,134,8,5147,4238,590,8261,16320,12487,3561,4,15,3
LPL,BLG,2021-01-26,30.883333333333333,Mid,Zeka,0,4,0,3,1,10642,244,12,8,4,9500,558,8879,1950,15536,7781,6914,13,2,6
LPL,BLG,2021-01-26,30.883333333333333,Bot,Aiming,0,202,1,1,0,10718,278,9,5,0,8775,7170,1436,2186,9141,5996,3145,12,4,3
LPL,BLG,2021-01-26,30.883333333333333,Support,Mark,0,526,0,4,1,6040,37,1,1,0,2483,23,2459,674,10949,6762,3724,47,11,11
LPL,BLG,2021-01-26,32.68333333333333,Top,Biubiu,1,41,7,4,6,16059,305,43,16,14,23581,16248,4802,9552,29616,22396,6816,15,4,5
LPL,BLG,2021-01-26,32.68333333333333,Jungle,Meteor,1,876,3,0,3,12143,232,166,115,4,9366,170,5984,12895,23760,17608,5916,6,18,7
LPL,BLG,2021-01-26,32.68333333333333,Mid,Zeka,1,142,4,0,8,13598,262,20,17,1,21115,1466,18138,7117,12352,6937,5034,11,8,5
LPL,BLG,2021-01-26,32.68333333333333,Bot,Aiming,1,360,5,2,8,14676,289,24,20,4,15724,13283,2109,7427,18085,13133,4509,13,10,4
LPL,BLG,2021-01-26,32.68333333333333,Support,Mark,1,89,0,2,11,8220,47,0,0,0,3677,831,2196,872,11744,6357,4149,46,25,13
LPL,LNG,2021-01-26,32.68333333333333,Top,M1kuya,0,150,0,4,3,10620,249,4,0,4,17768,14524,3243,4560,28939,17619,7937,17,7,8
LPL,LNG,2021-01-26,32.68333333333333,Jungle,Tarzan,0,104,5,3,3,11128,195,147,115,4,10924,8927,1491,7776,19083,10744,7563,7,10,7
LPL,LNG,2021-01-26,32.68333333333333,Mid,icon,0,61,0,2,3,10929,271,28,24,0,11304,526,10778,2577,13819,4869,8293,16,7,6
LPL,LNG,2021-01-26,32.68333333333333,Bot,Light,0,523,2,5,3,12793,288,33,26,0,10579,8445,722,2063,11102,7408,3171,11,10,2
LPL,LNG,2021-01-26,32.68333333333333,Support,Iwandy,0,12,1,5,4,6876,34,0,0,0,4321,387,3153,5192,18847,8007,7943,64,4,18
LPL,LNG,2021-01-26,24.5,Top,M1kuya,1,516,1,1,5,8058,159,8,5,0,8623,2860,5762,1385,14771,9798,3756,15,1,8
LPL,LNG,2021-01-26,24.5,Jungle,Tarzan,1,2,5,0,5,10681,157,133,60,21,13838,10653,0,13729,21080,15089,5230,7,10,7
LPL,LNG,2021-01-26,24.5,Mid,icon,1,268,3,1,8,10410,222,12,12,0,12601,391,12209,2339,9511,5680,3573,8,3,1
LPL,LNG,2021-01-26,24.5,Bot,Light,1,523,6,0,7,13772,256,24,17,0,14401,11683,542,2396,4073,1743,1590,10,9,3
LPL,LNG,2021-01-26,24.5,Support,Iwandy,1,412,0,0,12,6828,30,0,0,0,2059,336,1722,1467,4122,1794,2062,33,7,10
LPL,BLG,2021-01-26,24.5,Top,Biubiu,0,58,0,5,1,7521,182,8,8,0,6513,5428,1084,4316,23007,13892,7419,10,5,4
LPL,BLG,2021-01-26,24.5,Jungle,Meteor,0,876,1,2,1,8111,166,138,97,20,6932,377,4233,8682,21045,15711,4866,2,6,2
LPL,BLG,2021-01-26,24.5,Mid,Zeka,0,84,0,0,1,8063,201,4,4,0,6649,610,6038,3053,14012,6771,6992,10,1,7
LPL,BLG,2021-01-26,24.5,Bot,Aiming,0,145,1,4,0,9139,211,8,5,0,7988,5291,1885,2820,11400,8285,1974,7,9,1
LPL,BLG,2021-01-26,24.5,Support,Mark,0,89,0,4,1,5056,29,0,0,0,1604,247,1249,65,9523,5691,2024,42,9,13
