League,team,date,min,role,name,win,hero,kill,death,assist,gold,lasthit,neutralKilled,neutralKilledTJungle,neutralKilledEJungle,totalDamageToChamp,pDamageToChamp,mDamageDealtToChamp,totalHeal,totalDamageTaken,pDamageTaken,mDamageTaken,wardsPlaced,wardsKilled,visionWardsBought
LPL,ES,2021-01-27,31.183333333333334,Top,zs,0,106,3,2,3,11159,237,16,8,4,8118,3979,4138,2779,22182,13781,7717,11,4,9
LPL,ES,2021-01-27,31.183333333333334,Jungle,H4cker,0,876,1,5,9,10183,193,143,118,0,8415,115,5636,9822,24720,17187,7119,11,12,10
LPL,ES,2021-01-27,31.183333333333334,Mid,irma,0,142,4,4,4,11414,256,4,4,0,18677,3006,13595,4090,19619,14274,5213,16,5,8
LPL,ES,2021-01-27,31.183333333333334,Bot,rat,0,498,3,4,5,11776,277,7,7,0,17693,16775,918,2531,15900,13039,2800,13,9,6
LPL,ES,2021-01-27,31.183333333333334,Support,ShiauC,0,79,1,6,4,6657,38,0,0,0,5352,529,4345,3606,17025,9881,6722,57,11,20
LPL,FPX,2021-01-27,31.183333333333334,Top,Nuguri,1,126,4,3,3,15725,297,32,9,12,22068,19658,2410,4852,13009,7521,4687,12,3,4
LPL,FPX,2021-01-27,31.183333333333334,Jungle,Bo,1,76,4,2,9,13674,256,224,134,32,14384,878,13264,25765,32817,25113,6714,9,20,10
LPL,FPX,2021-01-27,31.183333333333334,Mid,Doinb,1,58,1,3,8,13189,287,17,5,5,16604,14472,2132,10532,34271,19187,13192,6,11,2
LPL,FPX,2021-01-27,31.183333333333334,Bot,Lwx,1,145,11,1,5,17461,338,35,20,3,18569,12435,5265,7913,15995,10965,4733,16,15,7
LPL,FPX,2021-01-27,31.183333333333334,Support,Crisp,1,526,1,3,12,8269,33,0,0,0,4355,404,3351,2537,12367,7592,3535,53,10,15
LPL,FPX,2021-01-27,22.55,Top,Nuguri,1,58,0,2,8,8977,208,16,1,0,9133,8729,404,7149,20756,8778,10819,9,4,3
LPL,FPX,2021-01-27,22.55,Jungle,Bo,1,163,8,5,1,11387,200,159,94,20,15564,383,14281,7257,17405,10029,7212,5,5,5
LPL,FPX,2021-01-27,22.55,Mid,Doinb,1,875,1,3,10,9220,173,0,0,0,11439,8474,209,3024,19691,9795,7548,8,3,3
LPL,FPX,2021-01-27,22.55,Bot,Lwx,1,67,6,1,2,12005,220,16,8,8,9029,5994,25,1972,5124,3192,1755,8,5,2
LPL,FPX,2021-01-27,22.55,Support,Crisp,1,12,1,0,13,6639,33,0,0,0,3326,313,3012,8014,9587,3865,4704,31,5,6
LPL,ES,2021-01-27,22.55,Top,zs,0,516,1,2,3,7494,179,3,1,0,10396,4581,5815,774,12414,8879,2573,11,2,5
LPL,ES,2021-01-27,22.55,Jungle,H4cker,0,876,4,2,2,9025,156,127,93,9,10409,418,6796,9820,21131,15437,5204,3,6,3
LPL,ES,2021-01-27,22.55,Mid,irma,0,61,4,2,2,8694,204,4,4,0,15869,1422,14335,606,10656,4194,5032,10,4,3
LPL,ES,2021-01-27,22.55,Bot,rat,0,360,1,5,5,7869,163,4,4,0,7657,6840,817,2899,14612,7994,5471,8,6,2
LPL,ES,2021-01-27,22.55,Support,ShiauC,0,526,1,5,6,5553,30,0,0,0,3623,362,2702,1581,11683,6386,2661,26,8,11
