League,team,date,min,role,name,win,hero,kill,death,assist,gold,lasthit,neutralKilled,neutralKilledTJungle,neutralKilledEJungle,totalDamageToChamp,pDamageToChamp,mDamageDealtToChamp,totalHeal,totalDamageTaken,pDamageTaken,mDamageTaken,wardsPlaced,wardsKilled,visionWardsBought
LPL,IG,2021-01-27,30.533333333333335,Top,TheShy,1,150,4,3,11,12746,243,9,3,4,24702,21356,3346,7817,22120,14166,5860,9,3,4
LPL,IG,2021-01-27,30.533333333333335,Jungle,XUN,1,876,8,1,9,13814,262,211,140,22,17825,1387,10308,16006,26614,19806,6371,18,6,6
LPL,IG,2021-01-27,30.533333333333335,Mid,Rookie,1,4,6,2,12,14157,240,21,4,4,20616,3103,16892,2324,12008,8594,2356,11,9,7
LPL,IG,2021-01-27,30.533333333333335,Bot,Wink,1,18,5,1,5,13576,281,37,24,9,13383,9972,3141,5000,10933,5988,2416,22,13,5
LPL,IG,2021-01-27,30.533333333333335,Support,Baolan,1,89,0,1,11,7685,49,0,0,0,3532,1230,1896,222,7770,5499,2168,52,17,19
LPL,RW,2021-01-27,30.533333333333335,Top,Ziv,0,164,2,4,6,10240,176,8,8,0,11174,6905,1300,4461,26210,13859,10496,7,8,1
LPL,RW,2021-01-27,30.533333333333335,Jungle,Haro,0,104,6,3,2,13932,235,158,121,0,12192,9995,947,8282,19742,10920,7950,5,17,6
LPL,RW,2021-01-27,30.533333333333335,Mid,Forge,0,3,0,5,5,8156,182,3,1,2,8993,30,8962,2182,18952,11292,5007,18,4,6
LPL,RW,2021-01-27,30.533333333333335,Bot,Michi,0,429,0,5,2,9567,246,6,2,0,5768,5768,0,2059,15090,6535,8087,23,7,6
LPL,RW,2021-01-27,30.533333333333335,Support,Reheal,0,526,0,6,3,5744,26,0,0,0,3097,177,2919,1460,15882,8558,5745,37,4,15
LPL,RW,2021-01-27,30.633333333333333,Top,Ziv,0,58,0,8,9,8684,182,8,5,0,6678,5502,1176,4024,32923,21278,10827,11,3,3
LPL,RW,2021-01-27,30.633333333333333,Jungle,Haro,0,104,11,6,4,13781,206,166,121,13,16068,12120,2426,7367,23135,13738,8558,8,8,8
LPL,RW,2021-01-27,30.633333333333333,Mid,Forge,0,3,5,7,13,12808,199,2,1,0,14339,200,14138,817,24168,15426,7472,16,4,7
LPL,RW,2021-01-27,30.633333333333333,Bot,Michi,0,22,2,4,7,10316,236,0,0,0,11826,10032,1794,884,12967,5853,6195,14,13,6
LPL,RW,2021-01-27,30.633333333333333,Support,QiuQiu,0,875,2,8,9,7256,57,0,0,0,8554,5505,329,1126,23277,14188,8539,43,19,12
LPL,IG,2021-01-27,30.633333333333333,Top,TheShy,1,133,14,2,7,17525,294,33,7,7,39619,35135,3576,5047,14819,11335,2740,12,5,7
LPL,IG,2021-01-27,30.633333333333333,Jungle,XUN,1,163,8,6,17,13367,207,178,128,4,23745,890,20909,10757,23735,16686,5829,11,13,11
LPL,IG,2021-01-27,30.633333333333333,Mid,Rookie,1,4,2,8,18,11372,189,9,4,4,11796,2214,9466,2655,20836,10827,9492,12,6,9
LPL,IG,2021-01-27,30.633333333333333,Bot,Wink,1,202,5,1,14,14646,301,28,20,3,16703,14201,1990,5598,11436,8807,2098,27,8,6
LPL,IG,2021-01-27,30.633333333333333,Support,Baolan,1,526,4,3,18,8671,35,0,0,0,5639,608,4117,1579,14700,10949,2518,49,11,18
