League,team,date,min,role,name,win,hero,kill,death,assist,gold,lasthit,neutralKilled,neutralKilledTJungle,neutralKilledEJungle,totalDamageToChamp,pDamageToChamp,mDamageDealtToChamp,totalHeal,totalDamageTaken,pDamageTaken,mDamageTaken,wardsPlaced,wardsKilled,visionWardsBought
LPL,LGD,2021-01-28,34.95,Top,Cult,0,58,2,4,3,11878,265,12,7,0,13984,11489,2194,10217,39567,15863,23187,10,9,5
LPL,LGD,2021-01-28,34.95,Jungle,Kui,0,876,2,2,3,10471,205,176,141,1,10891,52,7016,18589,30583,19741,10265,12,14,15
LPL,LGD,2021-01-28,34.95,Mid,Uniboy,0,4,1,2,7,13640,298,1,1,0,14939,1303,13107,3129,14524,5636,8617,9,8,5
LPL,LGD,2021-01-28,34.95,Bot,Kramer,0,67,3,1,2,14493,323,32,27,0,13166,8387,0,7063,15482,10441,5040,14,17,3
LPL,LGD,2021-01-28,34.95,Support,peace,0,12,0,3,5,6949,35,0,0,0,3626,342,2833,6981,18211,6395,11592,73,12,20
LPL,BLG,2021-01-28,34.95,Top,Biubiu,1,150,4,4,6,13864,269,24,16,8,24832,20502,4329,11184,28444,14155,9697,20,7,10
LPL,BLG,2021-01-28,34.95,Jungle,Meteor,1,163,0,0,10,13041,268,217,136,4,19791,622,18350,13129,18677,14431,3861,44,20,9
LPL,BLG,2021-01-28,34.95,Mid,Zeka,1,517,8,0,4,15967,315,24,13,8,25470,154,25316,11733,21456,10445,8705,15,10,10
LPL,BLG,2021-01-28,34.95,Bot,Aiming,1,360,0,2,2,13819,307,15,11,0,5314,4534,701,2433,11713,7248,3450,14,12,4
LPL,BLG,2021-01-28,34.95,Support,Mark,1,526,0,2,9,8590,40,0,0,0,6415,162,5563,2976,10273,5258,3431,58,14,17
LPL,BLG,2021-01-28,26.566666666666666,Top,Biubiu,1,79,2,2,6,9471,185,12,6,0,11553,1440,10048,8964,18160,14842,3091,14,0,7
LPL,BLG,2021-01-28,26.566666666666666,Jungle,Meteor,1,104,4,2,4,12298,234,181,131,8,10124,7740,1548,7884,15004,10757,3878,5,11,6
LPL,BLG,2021-01-28,26.566666666666666,Mid,Zeka,1,134,2,0,7,11822,252,8,4,4,11939,753,11186,1610,5740,2666,2503,11,3,6
LPL,BLG,2021-01-28,26.566666666666666,Bot,Aiming,1,523,5,0,5,12981,276,25,10,4,12713,10701,555,3309,8047,4923,2770,14,14,6
LPL,BLG,2021-01-28,26.566666666666666,Support,Mark,1,412,0,1,9,6736,36,0,0,0,2956,465,2490,771,8398,4332,3326,32,11,8
LPL,LGD,2021-01-28,26.566666666666666,Top,Cult,0,266,1,3,2,9331,213,2,1,0,10449,10449,0,5666,20383,11411,8251,12,5,4
LPL,LGD,2021-01-28,26.566666666666666,Jungle,Flora,0,76,1,2,3,9373,181,159,125,4,6904,296,6321,18362,26181,17655,8526,7,5,7
LPL,LGD,2021-01-28,26.566666666666666,Mid,Uniboy,0,142,2,1,1,9645,229,4,4,0,7920,781,5493,3277,10334,5460,4305,12,4,4
LPL,LGD,2021-01-28,26.566666666666666,Bot,Kramer,0,360,1,3,1,10304,262,24,13,0,8059,7419,607,4284,17121,12479,4349,11,8,4
LPL,LGD,2021-01-28,26.566666666666666,Support,peace,0,526,0,4,3,5641,32,0,0,0,2060,335,1431,701,9663,5999,2889,34,8,11
