League,team,date,min,role,name,win,hero,kill,death,assist,gold,lasthit,neutralKilled,neutralKilledTJungle,neutralKilledEJungle,totalDamageToChamp,pDamageToChamp,mDamageDealtToChamp,totalHeal,totalDamageTaken,pDamageTaken,mDamageTaken,wardsPlaced,wardsKilled,visionWardsBought
LPL,OMG,2021-01-28,24.866666666666667,Top,Alielie,0,58,1,4,3,9141,232,8,1,0,10330,8868,1281,10847,31301,18159,10201,8,4,2
LPL,OMG,2021-01-28,24.866666666666667,Jungle,Aki,0,203,2,4,2,7660,145,138,107,0,6763,4117,1447,16022,22509,15651,6403,19,7,4
LPL,OMG,2021-01-28,24.866666666666667,Mid,Wuming,0,4,0,3,3,8453,198,8,8,0,5191,362,4559,1899,12846,5963,6173,8,6,4
LPL,OMG,2021-01-28,24.866666666666667,Bot,Eric,0,360,1,2,1,8298,221,5,5,0,5088,4549,513,2795,12085,6142,5757,7,9,1
LPL,OMG,2021-01-28,24.866666666666667,Support,COLD,0,12,0,2,3,4919,27,0,0,0,3193,316,2412,3721,13132,6148,6288,37,5,12
LPL,SN,2021-01-28,24.866666666666667,Top,Bin,1,41,0,2,7,10643,218,24,13,0,20414,14615,2888,4026,15546,12369,2820,9,1,5
LPL,SN,2021-01-28,24.866666666666667,Jungle,SofM,1,77,1,1,8,9274,167,143,102,8,6427,2156,3487,9397,17279,11165,5285,11,22,10
LPL,SN,2021-01-28,24.866666666666667,Mid,Angel,1,268,11,0,1,12797,235,16,12,0,21334,729,20494,2027,6478,4506,1918,17,3,9
LPL,SN,2021-01-28,24.866666666666667,Bot,huanfeng,1,145,3,0,2,11502,260,16,12,4,13394,9203,3682,3041,7583,5792,1604,10,7,3
LPL,SN,2021-01-28,24.866666666666667,Support,ON,1,526,0,1,7,6217,34,0,0,0,4311,541,3097,916,7678,5161,1804,38,9,10
LPL,OMG,2021-01-28,22.433333333333334,Top,Alielie,0,41,3,8,1,8567,164,0,0,0,15975,9976,4047,5133,20079,15576,4266,6,1,1
LPL,OMG,2021-01-28,22.433333333333334,Jungle,Aki,0,77,1,2,2,7631,165,138,94,9,4053,1537,1860,10490,22163,16607,5383,7,9,5
LPL,OMG,2021-01-28,22.433333333333334,Mid,Wuming,0,268,0,3,1,7353,188,8,5,0,8495,240,8255,1553,10712,4356,6333,9,3,3
LPL,OMG,2021-01-28,22.433333333333334,Bot,Eric,0,360,0,5,2,6936,178,3,1,0,8937,7872,1064,3123,13322,7919,5241,7,8,2
LPL,OMG,2021-01-28,22.433333333333334,Support,COLD,0,12,0,5,3,4900,38,0,0,0,5231,617,3816,4207,12763,7188,5120,21,8,10
LPL,SN,2021-01-28,22.433333333333334,Top,Bin,1,58,9,1,9,12343,190,0,0,0,20067,17938,1922,11100,24978,17258,5635,11,2,7
LPL,SN,2021-01-28,22.433333333333334,Jungle,SofM,1,79,2,0,10,8176,136,124,75,12,9306,792,8293,15190,20438,14875,5089,16,1,10
LPL,SN,2021-01-28,22.433333333333334,Mid,Angel,1,38,0,0,12,9259,222,13,4,9,9627,726,8901,7101,17972,10664,6606,8,4,4
LPL,SN,2021-01-28,22.433333333333334,Bot,huanfeng,1,145,10,1,6,12768,216,11,4,1,10763,8171,2377,4522,7118,4978,2072,8,10,1
LPL,SN,2021-01-28,22.433333333333334,Support,ON,1,526,2,2,11,6647,30,0,0,0,4183,497,3279,988,9312,6619,2614,28,6,8
