League,team,date,min,role,name,win,hero,kill,death,assist,gold,lasthit,neutralKilled,neutralKilledTJungle,neutralKilledEJungle,totalDamageToChamp,pDamageToChamp,mDamageDealtToChamp,totalHeal,totalDamageTaken,pDamageTaken,mDamageTaken,wardsPlaced,wardsKilled,visionWardsBought
LPL,ES,2021-01-29,29.466666666666665,Top,zs,0,58,2,3,3,9391,200,8,4,0,14984,13296,1687,7044,26383,16016,9209,9,11,4
LPL,ES,2021-01-29,29.466666666666665,Jungle,H4cker,0,77,1,3,7,9195,154,126,96,1,6224,1780,3421,10079,22856,14827,7495,15,8,14
LPL,ES,2021-01-29,29.466666666666665,Mid,irma,0,13,2,4,3,10550,243,21,17,1,11307,161,11145,3251,15030,9237,5581,9,6,5
LPL,ES,2021-01-29,29.466666666666665,Bot,rat,0,498,4,2,2,11818,270,20,17,0,13085,11871,0,2200,9293,3871,5351,14,15,5
LPL,ES,2021-01-29,29.466666666666665,Support,ShiauC,0,875,0,4,3,6095,53,0,0,0,5195,3848,0,1262,15835,8637,6952,45,16,17
LPL,LNG,2021-01-29,29.466666666666665,Top,M1kuya,1,150,1,3,10,11729,257,21,9,8,16490,13569,2830,5739,20340,12125,7839,16,6,7
LPL,LNG,2021-01-29,29.466666666666665,Jungle,Tarzan,1,120,2,2,11,11016,202,159,105,4,9180,6813,1586,17709,32053,25627,4756,12,16,10
LPL,LNG,2021-01-29,29.466666666666665,Mid,icon,1,268,4,3,8,12441,268,27,25,0,19040,143,18897,1915,13397,9753,3134,12,8,4
LPL,LNG,2021-01-29,29.466666666666665,Bot,Light,1,145,8,0,4,13854,269,25,14,3,12524,8487,3565,2715,8107,6147,1713,12,9,3
LPL,LNG,2021-01-29,29.466666666666665,Support,Iwandy,1,12,1,1,13,7589,31,0,0,0,5462,398,4186,8858,11333,8410,2142,47,8,15
LPL,LNG,2021-01-29,26.05,Top,M1kuya,1,516,0,3,10,9320,204,0,0,0,10639,3656,6982,1410,16550,11860,4464,10,0,2
LPL,LNG,2021-01-29,26.05,Jungle,Tarzan,1,2,5,1,5,10947,187,138,76,21,11219,7885,24,13982,22698,16928,5419,7,12,6
LPL,LNG,2021-01-29,26.05,Mid,icon,1,4,4,2,9,13244,247,27,26,0,13475,917,12558,1112,6023,3367,2656,5,4,4
LPL,LNG,2021-01-29,26.05,Bot,Light,1,498,8,0,6,14150,296,50,22,20,13794,11597,1638,1265,6866,5454,1312,13,11,5
LPL,LNG,2021-01-29,26.05,Support,Iwandy,1,497,1,0,13,7297,15,0,0,0,4237,425,3453,4038,5743,2879,2494,75,15,12
LPL,ES,2021-01-29,26.05,Top,zs,0,58,1,3,1,9581,247,10,1,0,9217,7919,1297,6205,18621,11509,6240,13,6,5
LPL,ES,2021-01-29,26.05,Jungle,H4cker,0,77,2,2,1,8406,162,121,92,5,3653,1582,1661,9213,21004,13242,6965,10,16,9
LPL,ES,2021-01-29,26.05,Mid,irma,0,61,1,4,2,9681,244,8,8,0,9695,595,9099,2,9032,4304,4306,12,3,6
LPL,ES,2021-01-29,26.05,Bot,rat,0,67,1,5,1,9312,227,15,13,0,3563,2928,0,4044,11816,7118,3736,12,12,6
LPL,ES,2021-01-29,26.05,Support,ShiauC,0,12,1,4,0,5516,39,0,0,0,1556,280,1275,2068,12783,6412,5196,37,13,14
