League,team,date,min,role,name,win,hero,kill,death,assist,gold,lasthit,neutralKilled,neutralKilledTJungle,neutralKilledEJungle,totalDamageToChamp,pDamageToChamp,mDamageDealtToChamp,totalHeal,totalDamageTaken,pDamageTaken,mDamageTaken,wardsPlaced,wardsKilled,visionWardsBought
LPL,WE,2021-01-29,28.633333333333333,Top,Breathe,0,164,2,2,3,12019,257,22,7,9,8960,4545,780,3856,15444,11684,3684,8,7,6
LPL,WE,2021-01-29,28.633333333333333,Jungle,beishang,0,2,1,2,3,9345,192,171,115,12,6575,4179,0,14035,26061,17175,8392,11,12,9
LPL,WE,2021-01-29,28.633333333333333,Mid,Shanks,0,134,1,3,3,9686,251,16,13,0,10854,524,10329,1475,10472,3348,7009,9,9,5
LPL,WE,2021-01-29,28.633333333333333,Bot,Jiumeng,0,202,1,3,3,10697,282,20,20,0,7417,6230,973,3013,10059,7465,2533,12,12,7
LPL,WE,2021-01-29,28.633333333333333,Support,Missing,0,89,0,5,4,6010,44,0,0,0,2118,341,1282,468,12795,5375,7089,41,17,10
LPL,RNG,2021-01-29,28.633333333333333,Top,Xiaohu,1,79,1,2,11,9827,183,0,0,0,8092,1332,6760,6518,16275,8827,4377,17,4,7
LPL,RNG,2021-01-29,28.633333333333333,Jungle,Wei,1,203,5,0,6,11590,176,140,91,8,9499,6862,2179,14899,19690,15263,3389,40,18,14
LPL,RNG,2021-01-29,28.633333333333333,Mid,Cryin,1,61,2,0,13,12219,279,40,37,2,14165,632,13532,1852,8436,3876,4560,10,5,1
LPL,RNG,2021-01-29,28.633333333333333,Bot,GALA,1,498,7,1,5,14362,277,23,12,1,14436,13268,951,602,7125,5142,791,8,7,3
LPL,RNG,2021-01-29,28.633333333333333,Support,Ming,1,12,0,2,13,7575,27,0,0,0,2497,240,1856,7139,11969,6706,3825,52,5,16
LPL,RNG,2021-01-29,29.8,Top,Xiaohu,1,126,3,3,10,13100,215,5,3,0,17709,15790,1918,2839,11156,7289,3651,16,18,8
LPL,RNG,2021-01-29,29.8,Jungle,Wei,1,876,4,1,8,12160,207,178,117,9,12196,229,8295,12063,21151,15279,5380,40,12,12
LPL,RNG,2021-01-29,29.8,Mid,Cryin,1,112,1,1,7,11973,265,47,20,15,13002,108,12894,320,6152,3898,2162,16,8,6
LPL,RNG,2021-01-29,29.8,Bot,GALA,1,145,7,1,4,14193,265,19,11,2,13486,9745,2513,4182,7390,5759,1521,12,8,5
LPL,RNG,2021-01-29,29.8,Support,Ming,1,79,2,2,6,8171,37,0,0,0,6512,534,4909,4414,12270,8681,3019,44,13,13
LPL,WE,2021-01-29,29.8,Top,Breathe,0,150,2,4,4,9301,199,14,11,0,5991,5713,277,3238,18002,9591,6677,14,5,6
LPL,WE,2021-01-29,29.8,Jungle,beishang,0,77,1,2,5,8488,171,137,101,4,4010,1792,1702,12221,28435,16983,9731,10,18,11
LPL,WE,2021-01-29,29.8,Mid,Shanks,0,61,2,3,5,11550,286,12,12,0,6779,283,6496,2013,13456,8146,4746,15,13,5
LPL,WE,2021-01-29,29.8,Bot,Jiumeng,0,523,3,4,4,11092,254,16,16,0,10020,8565,493,5256,12555,7628,3591,12,5,3
LPL,WE,2021-01-29,29.8,Support,Missing,0,412,0,4,5,6090,38,0,0,0,3080,400,2679,1491,14049,5145,8290,54,12,16
