League,team,date,min,role,name,win,hero,kill,death,assist,gold,lasthit,neutralKilled,neutralKilledTJungle,neutralKilledEJungle,totalDamageToChamp,pDamageToChamp,mDamageDealtToChamp,totalHeal,totalDamageTaken,pDamageTaken,mDamageTaken,wardsPlaced,wardsKilled,visionWardsBought
LPL,TT,2021-01-30,33.833333333333336,Top,Chelizi,1,164,8,3,6,15378,269,30,20,1,18961,10332,1361,9658,24508,16414,7096,16,8,8
LPL,TT,2021-01-30,33.833333333333336,Jungle,Xiaopeng,1,113,3,3,14,12055,147,132,90,8,13074,5976,6487,12361,26338,16733,9525,14,13,13
LPL,TT,2021-01-30,33.833333333333336,Mid,Twila,1,58,7,3,7,15021,285,20,13,0,15842,11637,4204,9207,29692,18890,10411,16,8,6
LPL,TT,2021-01-30,33.833333333333336,Bot,SamD,1,498,3,1,8,16007,391,73,35,21,18300,16758,1008,7733,14998,8516,6057,13,4,5
LPL,TT,2021-01-30,33.833333333333336,Support,Teeen,1,89,1,5,10,8289,34,0,0,0,4931,1019,3389,868,15015,6710,7908,48,10,16
LPL,V5,2021-01-30,33.833333333333336,Top,Invincible,0,266,3,6,6,12587,248,35,28,0,17301,17032,268,11254,30142,20419,6961,15,4,4
LPL,V5,2021-01-30,33.833333333333336,Jungle,Weiwei,0,77,6,4,6,12481,177,151,100,8,15701,5523,9225,15297,33725,21698,8197,15,8,15
LPL,V5,2021-01-30,33.833333333333336,Mid,Mole,0,134,5,2,6,15580,324,25,18,0,26503,1984,24393,382,8058,5914,1798,11,7,6
LPL,V5,2021-01-30,33.833333333333336,Bot,y4,0,202,1,3,5,13223,312,24,23,1,11674,10391,1053,2035,12780,10901,788,11,10,3
LPL,V5,2021-01-30,33.833333333333336,Support,ppgod,0,526,0,7,9,7320,33,0,0,0,5064,694,3387,681,13529,10023,2599,45,13,9
LPL,V5,2021-01-30,27.933333333333334,Top,Aodi,0,79,1,4,7,7812,167,0,0,0,13986,2744,11242,11461,26759,19797,5234,13,2,8
LPL,V5,2021-01-30,27.933333333333334,Jungle,Weiwei,0,876,4,5,4,9685,173,134,100,8,19424,464,13525,10143,27007,19120,6518,7,7,7
LPL,V5,2021-01-30,27.933333333333334,Mid,Mole,0,777,0,7,6,8719,209,4,0,1,15324,9262,3357,3007,19387,11577,5454,9,3,5
LPL,V5,2021-01-30,27.933333333333334,Bot,Trigger,0,145,5,5,5,12142,253,15,13,1,14189,9958,3197,6671,17422,13200,3530,11,4,4
LPL,V5,2021-01-30,27.933333333333334,Support,ppgod,0,12,1,4,6,6028,35,0,0,0,7132,444,6091,3817,17477,11744,3684,36,14,11
LPL,TT,2021-01-30,27.933333333333334,Top,Chelizi,1,58,5,1,11,12937,231,24,9,8,14917,12880,2037,12542,29054,13539,13005,10,3,5
LPL,TT,2021-01-30,27.933333333333334,Jungle,Xiaopeng,1,2,7,3,10,11983,174,143,77,10,17526,11694,72,20712,33454,22012,9075,9,7,8
LPL,TT,2021-01-30,27.933333333333334,Mid,Twila,1,518,7,1,13,12234,218,22,20,2,16782,1459,15163,5543,15032,6416,6525,13,10,4
LPL,TT,2021-01-30,27.933333333333334,Bot,SamD,1,498,5,3,13,14137,277,32,20,9,25483,23113,98,7430,13989,6825,5842,12,10,4
LPL,TT,2021-01-30,27.933333333333334,Support,Teeen,1,497,1,3,21,8158,39,0,0,0,4751,1006,3744,5658,12701,4194,6025,38,8,14
