League,team,date,min,role,name,win,hero,kill,death,assist,gold,lasthit,neutralKilled,neutralKilledTJungle,neutralKilledEJungle,totalDamageToChamp,pDamageToChamp,mDamageDealtToChamp,totalHeal,totalDamageTaken,pDamageTaken,mDamageTaken,wardsPlaced,wardsKilled,visionWardsBought
LPL,IG,2021-01-30,23.55,Top,TheShy,0,85,0,5,5,7413,165,0,0,0,9523,1563,7750,1615,14766,4804,8186,9,1,2
LPL,IG,2021-01-30,23.55,Jungle,XUN,0,876,4,5,6,8722,154,142,105,1,12666,575,9100,9800,24145,16010,6524,11,7,5
LPL,IG,2021-01-30,23.55,Mid,Rookie,0,39,3,6,5,9795,221,4,4,0,8017,3690,4327,2662,18239,11995,4924,9,2,4
LPL,IG,2021-01-30,23.55,Bot,Wink,0,145,5,3,2,10492,227,4,4,0,9838,7054,2630,2069,9153,4319,3467,11,5,2
LPL,IG,2021-01-30,23.55,Support,Baolan,0,89,1,4,7,5120,25,0,0,0,3188,508,2162,94,9683,4055,3647,26,5,9
LPL,FPX,2021-01-30,23.55,Top,Nuguri,1,79,2,3,8,9588,189,10,4,6,12771,689,12081,6817,15098,8014,6616,11,6,5
LPL,FPX,2021-01-30,23.55,Jungle,Bo,1,2,16,1,5,14282,169,147,90,19,18066,11460,0,21784,30241,20613,8305,3,5,4
LPL,FPX,2021-01-30,23.55,Mid,Doinb,1,4,3,3,11,10644,175,8,8,0,10791,1694,8847,1395,10893,4632,5668,9,2,1
LPL,FPX,2021-01-30,23.55,Bot,Lwx,1,498,2,3,12,11098,244,34,28,2,11171,9973,0,1319,10320,5104,4744,11,2,5
LPL,FPX,2021-01-30,23.55,Support,Crisp,1,526,0,3,17,6453,33,0,0,0,3494,244,3250,1799,9992,4551,4422,29,10,12
LPL,FPX,2021-01-30,27.166666666666668,Top,Nuguri,1,79,2,0,8,10680,204,12,8,4,15041,2487,12554,12392,22555,12355,8831,11,4,4
LPL,FPX,2021-01-30,27.166666666666668,Jungle,Bo,1,2,11,2,3,13415,177,151,89,16,16068,9560,0,16423,27936,19773,6915,5,8,8
LPL,FPX,2021-01-30,27.166666666666668,Mid,Doinb,1,68,2,1,12,10955,194,14,12,0,15731,592,15138,3901,14871,7975,6185,13,1,4
LPL,FPX,2021-01-30,27.166666666666668,Bot,Lwx,1,498,5,3,10,12965,246,26,20,1,16248,14576,0,2149,12147,8019,3715,11,8,4
LPL,FPX,2021-01-30,27.166666666666668,Support,Crisp,1,526,0,4,15,6980,30,0,0,0,4869,717,3572,1702,10911,6344,4178,44,11,16
LPL,IG,2021-01-30,27.166666666666668,Top,TheShy,0,14,2,5,2,9077,205,2,1,0,10619,6550,4069,1462,28423,12683,11645,6,6,2
LPL,IG,2021-01-30,27.166666666666668,Jungle,XUN,0,203,1,6,6,8744,178,155,105,12,10960,7129,1783,16602,24853,15885,8380,7,12,8
LPL,IG,2021-01-30,27.166666666666668,Mid,Rookie,0,142,3,1,4,9764,217,4,4,0,16885,1616,13939,5045,12729,6568,5137,9,5,4
LPL,IG,2021-01-30,27.166666666666668,Bot,Wink,0,145,2,3,5,11542,247,9,9,0,12743,9130,3612,5699,13099,7608,4646,24,9,4
LPL,IG,2021-01-30,27.166666666666668,Support,Baolan,0,12,1,5,4,5919,28,0,0,0,4118,345,3023,2539,13227,7006,4010,45,7,17
