League,team,date,min,role,name,win,hero,kill,death,assist,gold,lasthit,neutralKilled,neutralKilledTJungle,neutralKilledEJungle,totalDamageToChamp,pDamageToChamp,mDamageDealtToChamp,totalHeal,totalDamageTaken,pDamageTaken,mDamageTaken,wardsPlaced,wardsKilled,visionWardsBought
LPL,RA,2021-01-31,23.85,Top,Cube,1,126,2,2,1,9563,225,12,4,4,13604,11178,2336,1328,6904,5018,1179,12,2,4
LPL,RA,2021-01-31,23.85,Jungle,Leyan,1,77,7,0,3,12091,212,183,94,26,5558,2349,2542,11262,18849,14759,3137,4,10,3
LPL,RA,2021-01-31,23.85,Mid,FoFo,1,142,2,1,7,10491,218,8,8,0,15938,2631,11598,2717,6207,4401,1598,9,1,3
LPL,RA,2021-01-31,23.85,Bot,iBoy,1,145,3,0,6,12668,243,20,8,9,6670,4276,1671,4998,6919,5363,1556,10,8,3
LPL,RA,2021-01-31,23.85,Support,Hang,1,12,1,0,10,6951,30,0,0,0,4029,537,3015,4324,5140,3853,1215,34,6,9
LPL,RW,2021-01-31,23.85,Top,Ziv,0,266,0,1,1,7848,205,6,0,5,3069,3069,0,5544,17872,12035,4900,8,6,2
LPL,RW,2021-01-31,23.85,Jungle,Haro,0,2,3,4,0,8088,148,126,103,1,5414,3631,0,11605,22384,15301,6442,5,3,5
LPL,RW,2021-01-31,23.85,Mid,Forge,0,3,0,3,1,6854,163,0,0,0,3651,54,3596,969,10546,5385,4134,8,1,2
LPL,RW,2021-01-31,23.85,Bot,QiuQiu,0,18,0,4,0,7244,174,4,1,0,1905,1300,604,1154,7570,3212,3823,8,2,1
LPL,RW,2021-01-31,23.85,Support,Reheal,0,111,0,3,2,5071,37,0,0,0,2449,528,1764,457,7654,3241,3887,29,6,12
LPL,RW,2021-01-31,27.233333333333334,Top,Ziv,0,126,1,5,3,8271,179,3,2,0,16321,13427,2894,2507,13889,10095,2668,10,11,2
LPL,RW,2021-01-31,27.233333333333334,Jungle,Haro,0,77,1,3,2,7881,140,117,86,7,4402,1959,1875,10805,22996,15285,6724,11,8,10
LPL,RW,2021-01-31,27.233333333333334,Mid,Forge,0,61,1,4,2,9183,236,9,7,0,14230,1056,13174,1262,11209,7100,3052,9,6,2
LPL,RW,2021-01-31,27.233333333333334,Bot,QiuQiu,0,202,2,2,2,8700,201,4,0,0,9157,7990,1166,2520,9749,5719,3673,10,4,3
LPL,RW,2021-01-31,27.233333333333334,Support,Reheal,0,412,0,5,5,5485,33,0,0,0,2888,644,2243,0,8558,3286,4374,43,8,16
LPL,RA,2021-01-31,27.233333333333334,Top,Cube,1,58,3,1,6,10939,216,16,0,5,8303,7213,1033,7109,23365,14753,8239,17,3,8
LPL,RA,2021-01-31,27.233333333333334,Jungle,Leyan,1,163,4,2,6,11139,220,195,127,31,11805,487,10238,11457,20732,16116,4455,6,11,2
LPL,RA,2021-01-31,27.233333333333334,Mid,FoFo,1,777,2,2,7,12056,247,16,3,4,8821,5460,2449,1468,11101,6033,5032,9,3,3
LPL,RA,2021-01-31,27.233333333333334,Bot,iBoy,1,145,9,0,4,15720,299,23,8,13,16561,11655,3200,6635,11279,9107,2171,11,10,3
LPL,RA,2021-01-31,27.233333333333334,Support,Hang,1,89,1,0,12,7752,40,0,0,0,3138,616,1850,1463,8564,4942,3622,47,17,14
