League,team,date,min,role,name,win,hero,kill,death,assist,gold,lasthit,neutralKilled,neutralKilledTJungle,neutralKilledEJungle,totalDamageToChamp,pDamageToChamp,mDamageDealtToChamp,totalHeal,totalDamageTaken,pDamageTaken,mDamageTaken,wardsPlaced,wardsKilled,visionWardsBought
LPL,JDG,2021-01-31,29.133333333333333,Top,Zoom,0,266,1,5,0,9973,232,16,4,0,8603,8603,0,6450,24866,17083,3845,13,2,4
LPL,JDG,2021-01-31,29.133333333333333,Jungle,Kanavi,0,104,3,2,3,10778,196,152,127,0,10599,8865,897,8561,16550,9596,6538,6,17,3
LPL,JDG,2021-01-31,29.133333333333333,Mid,Yagao,0,61,3,2,2,10998,270,24,24,0,14397,643,13646,757,7843,3460,3755,14,4,6
LPL,JDG,2021-01-31,29.133333333333333,Bot,LokeN,0,145,2,4,2,9578,215,12,12,0,8719,6100,2168,3021,14018,9655,2782,22,9,4
LPL,JDG,2021-01-31,29.133333333333333,Support,LvMao,0,3,0,7,4,5807,34,0,0,0,5108,0,4364,840,17279,10478,3891,35,4,15
LPL,TES,2021-01-31,29.133333333333333,Top,369,1,164,7,2,4,12831,244,23,16,1,14391,10013,1182,10165,22302,16625,5072,7,4,4
LPL,TES,2021-01-31,29.133333333333333,Jungle,Karsa,1,2,3,1,7,10976,188,163,103,0,8645,6600,164,18559,25897,19758,5853,14,13,15
LPL,TES,2021-01-31,29.133333333333333,Mid,knight,1,142,7,0,9,13381,261,16,12,0,18479,1422,15570,3565,7596,4222,3271,5,7,2
LPL,TES,2021-01-31,29.133333333333333,Bot,JackeyLove,1,235,3,3,15,12926,252,8,8,0,20073,17381,516,9098,13428,7040,5763,9,5,5
LPL,TES,2021-01-31,29.133333333333333,Support,Zhuo,1,89,0,3,13,7098,42,0,0,0,2903,821,1350,1543,12389,7776,4091,45,20,15
LPL,JDG,2021-01-31,23.083333333333332,Top,Zoom,0,58,0,3,3,8524,213,9,4,0,13045,11578,1466,7655,24895,14049,10143,10,4,3
LPL,JDG,2021-01-31,23.083333333333332,Jungle,Kanavi,0,2,1,3,1,7693,157,143,99,4,7067,5620,219,9674,22463,14818,7215,7,3,5
LPL,JDG,2021-01-31,23.083333333333332,Mid,Yagao,0,142,1,4,0,8124,218,8,8,0,5271,737,4386,2632,12232,4894,7243,5,5,3
LPL,JDG,2021-01-31,23.083333333333332,Bot,LokeN,0,67,0,5,0,7888,177,14,5,4,4356,3123,95,1517,9121,5885,2928,12,7,6
LPL,JDG,2021-01-31,23.083333333333332,Support,LvMao,0,89,1,4,0,5109,40,0,0,0,3054,1017,1659,788,10753,6982,3452,26,5,11
LPL,TES,2021-01-31,23.083333333333332,Top,369,1,79,4,1,4,9024,187,16,12,4,13682,2015,11307,9467,16346,13894,1526,7,4,4
LPL,TES,2021-01-31,23.083333333333332,Jungle,Karsa,1,48,1,2,10,8227,117,100,74,4,8187,6343,1102,15972,24039,19488,3907,8,4,9
LPL,TES,2021-01-31,23.083333333333332,Mid,knight,1,61,5,0,10,10134,201,8,8,0,12941,535,12406,1142,7108,4666,2132,4,2,1
LPL,TES,2021-01-31,23.083333333333332,Bot,JackeyLove,1,360,9,0,7,13544,232,12,12,0,19927,17864,1667,4320,11763,9250,2007,7,7,3
LPL,TES,2021-01-31,23.083333333333332,Support,Zhuo,1,526,0,0,16,6136,33,0,0,0,4155,793,3006,1880,5200,3114,1579,36,9,13
