League,team,date,min,role,name,win,hero,kill,death,assist,gold,lasthit,neutralKilled,neutralKilledTJungle,neutralKilledEJungle,totalDamageToChamp,pDamageToChamp,mDamageDealtToChamp,totalHeal,totalDamageTaken,pDamageTaken,mDamageTaken,wardsPlaced,wardsKilled,visionWardsBought
LPL,SN,2021-02-01,28.366666666666667,Top,Bin,1,266,6,1,2,11910,221,26,15,0,14630,14594,35,8767,16616,10298,3724,9,2,6
LPL,SN,2021-02-01,28.366666666666667,Jungle,SofM,1,77,2,2,11,9612,155,131,80,9,9750,4054,4501,12209,24365,17999,5336,15,13,12
LPL,SN,2021-02-01,28.366666666666667,Mid,Angel,1,61,4,1,7,11659,254,20,16,4,10792,1083,9709,1144,8174,4667,3347,11,3,7
LPL,SN,2021-02-01,28.366666666666667,Bot,huanfeng,1,235,1,0,11,13208,262,16,8,4,15918,13578,985,7276,6710,4791,1684,12,14,4
LPL,SN,2021-02-01,28.366666666666667,Support,ON,1,147,1,1,9,7102,14,0,0,0,8515,2119,5863,2332,5653,3466,1837,47,8,14
LPL,LGD,2021-02-01,28.366666666666667,Top,Cult,0,114,0,1,1,9141,240,14,8,5,5904,4219,81,4925,16620,13402,2963,11,6,5
LPL,LGD,2021-02-01,28.366666666666667,Jungle,Kui,0,2,0,5,2,8386,175,149,105,5,6583,4244,0,13415,28249,21235,6146,9,14,10
LPL,LGD,2021-02-01,28.366666666666667,Mid,Uniboy,0,134,1,5,3,8950,212,12,9,0,8139,561,7578,1531,10717,4456,5392,9,2,4
LPL,LGD,2021-02-01,28.366666666666667,Bot,Kramer,0,498,4,2,0,12534,293,32,29,0,9552,8278,1274,5737,12033,7348,4479,13,7,4
LPL,LGD,2021-02-01,28.366666666666667,Support,peace,0,79,0,1,4,6132,44,0,0,0,5037,515,4099,5535,16085,11148,4053,46,17,15
LPL,LGD,2021-02-01,31.0,Top,Cult,0,79,0,3,2,9826,231,2,1,0,12456,1427,11028,8986,22384,12377,6739,10,6,4
LPL,LGD,2021-02-01,31.0,Jungle,Kui,0,77,0,4,3,8769,176,140,111,8,7710,2696,4305,11232,30714,18899,8125,13,8,14
LPL,LGD,2021-02-01,31.0,Mid,Uniboy,0,112,2,3,0,10990,251,2,0,1,19386,316,19070,1272,12002,6341,4569,14,3,5
LPL,LGD,2021-02-01,31.0,Bot,Kramer,0,498,0,4,3,11288,294,26,23,0,14645,13746,665,4829,18291,11727,5148,17,9,7
LPL,LGD,2021-02-01,31.0,Support,peace,0,12,1,3,2,7085,36,0,0,0,4755,571,4184,5987,16400,8628,5530,52,11,17
LPL,SN,2021-02-01,31.0,Top,Bin,1,41,5,1,6,14966,290,21,8,9,21888,12367,7211,5631,15326,5981,9244,9,1,2
LPL,SN,2021-02-01,31.0,Jungle,SofM,1,2,3,0,9,10741,171,147,79,21,19095,12732,0,28851,37247,23270,13716,14,16,10
LPL,SN,2021-02-01,31.0,Mid,Angel,1,61,0,0,14,12585,301,31,13,8,12664,409,12255,6381,12484,4306,8149,10,12,7
LPL,SN,2021-02-01,31.0,Bot,huanfeng,1,145,8,1,2,16100,337,55,37,8,17253,11110,3888,8883,15062,8137,5762,12,12,3
LPL,SN,2021-02-01,31.0,Support,ON,1,526,1,1,11,7815,37,0,0,0,5928,714,4433,4932,12413,6584,5437,55,15,17
