League,team,date,min,role,name,win,hero,kill,death,assist,gold,lasthit,neutralKilled,neutralKilledTJungle,neutralKilledEJungle,totalDamageToChamp,pDamageToChamp,mDamageDealtToChamp,totalHeal,totalDamageTaken,pDamageTaken,mDamageTaken,wardsPlaced,wardsKilled,visionWardsBought
LPL,RNG,2021-02-01,28.833333333333332,Top,Xiaohu,1,150,1,1,3,13027,282,19,12,6,11291,9234,2057,6285,19991,12188,6296,9,3,0
LPL,RNG,2021-02-01,28.833333333333332,Jungle,Wei,1,80,3,1,6,10570,166,142,82,22,7912,6621,808,13069,23816,17410,6065,30,8,11
LPL,RNG,2021-02-01,28.833333333333332,Mid,Cryin,1,61,7,0,5,14438,289,47,35,4,20121,668,19453,1502,6602,3170,3399,13,8,5
LPL,RNG,2021-02-01,28.833333333333332,Bot,GALA,1,145,3,0,8,13487,312,39,11,21,11229,6445,4212,5798,9436,6761,2674,11,10,4
LPL,RNG,2021-02-01,28.833333333333332,Support,Ming,1,875,0,2,9,7186,40,0,0,0,4941,2247,0,1279,14115,9051,4299,44,14,12
LPL,BLG,2021-02-01,28.833333333333332,Top,Biubiu,0,516,2,2,1,9558,214,4,0,0,13884,3788,9875,1688,20615,12747,6848,17,7,9
LPL,BLG,2021-02-01,28.833333333333332,Jungle,Meteor,0,2,1,2,2,9007,181,149,102,8,7389,5466,82,13636,24654,19106,4729,7,12,6
LPL,BLG,2021-02-01,28.833333333333332,Mid,Zeka,0,134,0,2,1,9739,256,4,0,0,5552,280,5271,1805,9634,1889,7744,13,4,6
LPL,BLG,2021-02-01,28.833333333333332,Bot,Aiming,0,523,1,2,2,10978,295,5,5,0,9899,8741,573,1749,6627,4463,1481,13,18,4
LPL,BLG,2021-02-01,28.833333333333332,Support,Jwei,0,412,0,6,3,5530,28,0,0,0,3323,289,3034,189,14832,6093,7512,37,4,13
LPL,RNG,2021-02-01,38.53333333333333,Top,Xiaohu,0,68,2,3,4,11264,235,19,12,0,12757,146,12611,4748,20020,14606,5107,16,3,5
LPL,RNG,2021-02-01,38.53333333333333,Jungle,Wei,0,2,2,5,5,10992,171,133,85,1,9508,6627,0,13438,39093,28364,10107,17,30,19
LPL,RNG,2021-02-01,38.53333333333333,Mid,Cryin,0,61,1,2,7,13913,328,43,41,0,11410,558,10852,3159,14840,9033,5619,14,9,3
LPL,RNG,2021-02-01,38.53333333333333,Bot,GALA,0,523,5,3,5,17030,375,52,51,0,15562,13033,896,7524,22455,18519,3764,12,19,3
LPL,RNG,2021-02-01,38.53333333333333,Support,Ming,0,25,1,3,10,9208,55,0,0,0,4861,658,3204,3857,22423,16740,5474,68,18,22
LPL,BLG,2021-02-01,38.53333333333333,Top,Biubiu,1,126,10,1,3,19236,342,24,16,4,34313,30442,3716,9536,19738,10634,7868,14,11,1
LPL,BLG,2021-02-01,38.53333333333333,Jungle,Meteor,1,80,1,1,2,12282,227,195,132,9,6794,5549,899,18655,34648,23193,10458,14,14,15
LPL,BLG,2021-02-01,38.53333333333333,Mid,Zeka,1,268,1,4,8,14178,311,32,20,3,18051,1259,16792,2189,15529,9701,3977,21,14,10
LPL,BLG,2021-02-01,38.53333333333333,Bot,Aiming,1,110,1,2,8,16488,380,32,28,1,31191,27488,3630,1156,11826,6399,4755,20,29,8
LPL,BLG,2021-02-01,38.53333333333333,Support,Jwei,1,412,3,3,2,9116,33,0,0,0,3335,533,1878,2162,11536,5649,5130,76,11,23
LPL,BLG,2021-02-01,26.783333333333335,Top,Biubiu,1,150,5,5,9,11722,196,12,8,4,11917,10137,1524,6440,23332,14729,8069,13,8,8
LPL,BLG,2021-02-01,26.783333333333335,Jungle,Meteor,1,2,4,0,7,10759,182,150,95,8,9490,5664,111,19428,29064,22628,6202,9,15,8
LPL,BLG,2021-02-01,26.783333333333335,Mid,Zeka,1,517,4,0,10,12217,256,17,12,0,14971,102,14869,10035,17602,10396,6082,14,4,8
LPL,BLG,2021-02-01,26.783333333333335,Bot,Aiming,1,360,6,1,4,12877,271,17,16,0,9682,8018,1486,4713,14010,11517,2191,11,13,2
LPL,BLG,2021-02-01,26.783333333333335,Support,Jwei,1,89,1,1,10,7048,33,0,0,0,3653,783,2299,2334,9414,3666,5338,48,8,16
LPL,RNG,2021-02-01,26.783333333333335,Top,Xiaohu,0,134,1,4,3,9061,223,12,12,0,14413,1047,13366,1170,11402,6466,3928,12,2,4
LPL,RNG,2021-02-01,26.783333333333335,Jungle,Wei,0,80,0,5,5,7950,126,103,77,0,10935,9947,0,7937,23796,14635,7610,24,10,9
LPL,RNG,2021-02-01,26.783333333333335,Mid,Cryin,0,4,3,5,3,10728,196,4,4,0,11737,1531,10016,1575,13378,7651,4667,11,0,3
LPL,RNG,2021-02-01,26.783333333333335,Bot,GALA,0,498,2,3,1,10331,252,21,14,1,13150,12545,31,1953,10237,6716,3122,8,9,4
LPL,RNG,2021-02-01,26.783333333333335,Support,Ming,0,12,1,3,2,5811,34,0,0,0,2979,241,1888,2737,10648,6175,3769,39,13,10
