League,team,date,min,role,name,win,hero,kill,death,assist,gold,lasthit,neutralKilled,neutralKilledTJungle,neutralKilledEJungle,totalDamageToChamp,pDamageToChamp,mDamageDealtToChamp,totalHeal,totalDamageTaken,pDamageTaken,mDamageTaken,wardsPlaced,wardsKilled,visionWardsBought
LPL,RA,2021-02-02,32.016666666666666,Top,Cube,1,266,3,2,8,12739,256,24,8,0,17136,17136,0,14991,33792,24565,8882,21,4,10
LPL,RA,2021-02-02,32.016666666666666,Jungle,Leyan,1,77,4,4,11,12235,212,179,116,14,9120,3112,4971,14015,35454,21091,13131,9,23,8
LPL,RA,2021-02-02,32.016666666666666,Mid,FoFo,1,268,7,2,9,14830,285,36,32,0,26172,972,25000,2172,12146,8938,2879,17,5,7
LPL,RA,2021-02-02,32.016666666666666,Bot,iBoy,1,145,3,1,10,15207,342,41,21,9,20866,12752,5772,6754,14101,10399,3381,9,13,1
LPL,RA,2021-02-02,32.016666666666666,Support,Hang,1,12,2,2,13,8275,34,0,0,0,8124,796,6290,9398,15891,9162,6344,51,14,16
LPL,WE,2021-02-02,32.016666666666666,Top,Breathe,0,58,1,3,6,11176,272,12,9,0,19071,15475,3596,13488,32605,18888,11871,13,5,8
LPL,WE,2021-02-02,32.016666666666666,Jungle,beishang,0,80,5,2,3,11252,196,138,105,4,12618,11051,783,12751,27033,16028,10044,7,11,8
LPL,WE,2021-02-02,32.016666666666666,Mid,Yimeng,0,134,3,6,5,11621,241,20,20,0,21570,359,21136,1135,14603,5235,8832,16,11,12
LPL,WE,2021-02-02,32.016666666666666,Bot,Jiumeng,0,498,0,4,5,11817,313,24,20,0,17351,15810,167,2095,14275,7738,5635,16,10,9
LPL,WE,2021-02-02,32.016666666666666,Support,Missing,0,111,2,4,5,7999,41,0,0,0,6933,1362,5250,1229,13866,5564,7927,52,8,13
LPL,WE,2021-02-02,34.916666666666664,Top,Breathe,0,79,0,2,6,11435,276,8,1,4,12614,1537,11076,13937,27449,19609,4719,21,4,9
LPL,WE,2021-02-02,34.916666666666664,Jungle,beishang,0,2,5,4,5,12148,191,154,114,4,14050,8705,77,17605,33793,20864,11616,14,17,13
LPL,WE,2021-02-02,34.916666666666664,Mid,Yimeng,0,134,3,3,8,12192,261,34,30,4,14584,405,14179,2909,11585,6491,4596,19,4,12
LPL,WE,2021-02-02,34.916666666666664,Bot,Jiumeng,0,498,3,4,5,15385,349,34,29,0,21204,18959,204,2211,13716,10424,3105,19,16,10
LPL,WE,2021-02-02,34.916666666666664,Support,Missing,0,875,1,5,6,7543,39,0,0,0,5688,3487,200,1516,17858,11421,4532,68,16,18
LPL,RA,2021-02-02,34.916666666666664,Top,Cube,1,58,2,1,5,13538,308,8,4,0,17431,14467,2895,12577,33179,19154,11463,21,8,9
LPL,RA,2021-02-02,34.916666666666664,Jungle,Leyan,1,80,9,4,2,14280,222,177,114,9,23268,21387,918,14402,30145,20840,7588,9,34,6
LPL,RA,2021-02-02,34.916666666666664,Mid,FoFo,1,61,2,1,10,13244,305,36,27,4,18414,769,17644,1948,9603,5992,3237,15,6,3
LPL,RA,2021-02-02,34.916666666666664,Bot,iBoy,1,67,3,4,7,14410,328,50,43,0,14039,8452,393,4040,15200,8812,3873,12,19,3
LPL,RA,2021-02-02,34.916666666666664,Support,Hang,1,89,2,2,13,9005,50,4,4,0,6732,1985,3949,2630,12953,7338,3472,59,21,16
