League,team,date,min,role,name,win,hero,kill,death,assist,gold,lasthit,neutralKilled,neutralKilledTJungle,neutralKilledEJungle,totalDamageToChamp,pDamageToChamp,mDamageDealtToChamp,totalHeal,totalDamageTaken,pDamageTaken,mDamageTaken,wardsPlaced,wardsKilled,visionWardsBought
LPL,V5,2021-02-02,34.31666666666667,Top,LANGX,0,58,0,2,6,12297,288,8,3,0,8348,7070,1277,10579,29269,17582,10708,14,5,7
LPL,V5,2021-02-02,34.31666666666667,Jungle,Weiwei,0,104,9,3,7,14116,235,181,108,17,20499,17910,1263,7557,25732,16889,7665,11,16,9
LPL,V5,2021-02-02,34.31666666666667,Mid,Mole,0,3,3,3,13,12396,238,20,16,0,17026,381,16568,4061,22918,13457,6885,11,4,7
LPL,V5,2021-02-02,34.31666666666667,Bot,y4,0,235,6,3,14,14596,281,27,21,0,20155,15771,1319,13301,14830,7586,6914,8,5,3
LPL,V5,2021-02-02,34.31666666666667,Support,ppgod,0,89,3,2,15,8668,40,0,0,0,5470,1294,3096,2330,19111,10250,7526,54,14,13
LPL,EDG,2021-02-02,34.31666666666667,Top,Flandre,1,150,0,2,5,14159,330,16,12,4,23075,20220,2405,7852,24801,18223,5741,8,8,5
LPL,EDG,2021-02-02,34.31666666666667,Jungle,Jiejie,1,77,1,4,8,11022,174,154,102,17,3987,1558,1627,13372,30115,22153,6655,9,7,8
LPL,EDG,2021-02-02,34.31666666666667,Mid,Scout,1,61,6,3,7,16320,315,29,27,0,29224,1870,26853,774,13646,9370,3584,18,7,8
LPL,EDG,2021-02-02,34.31666666666667,Bot,Viper,1,145,6,4,2,16138,319,40,32,0,23911,16015,4316,6748,20048,13310,6098,13,11,5
LPL,EDG,2021-02-02,34.31666666666667,Support,Meiko,1,12,0,8,6,7983,29,0,0,0,4409,315,3028,3510,16857,9933,4852,56,1,16
LPL,EDG,2021-02-02,22.933333333333334,Top,Flandre,1,79,1,2,8,9317,197,13,1,4,8754,918,7836,5209,14051,9475,2249,4,3,2
LPL,EDG,2021-02-02,22.933333333333334,Jungle,Jiejie,1,77,2,0,13,9552,178,147,90,8,5206,2138,2547,12310,24124,16975,6296,8,10,7
LPL,EDG,2021-02-02,22.933333333333334,Mid,Scout,1,268,6,0,9,11009,204,24,24,0,13784,428,13355,1965,11044,5422,4580,9,2,2
LPL,EDG,2021-02-02,22.933333333333334,Bot,Viper,1,360,11,0,6,12262,216,8,4,0,13043,11432,1488,2680,9405,4818,4586,8,6,1
LPL,EDG,2021-02-02,22.933333333333334,Support,Meiko,1,12,1,0,16,6726,27,0,0,0,4843,464,3665,9936,7639,3600,3654,30,4,8
LPL,V5,2021-02-02,22.933333333333334,Top,LANGX,0,164,0,2,2,7705,193,8,5,0,8108,5540,928,2276,13398,4424,8865,9,1,3
LPL,V5,2021-02-02,22.933333333333334,Jungle,Weiwei,0,56,0,5,2,6568,130,121,99,0,6672,5645,490,12440,24496,15961,8207,5,6,4
LPL,V5,2021-02-02,22.933333333333334,Mid,Mole,0,134,1,7,0,7053,175,4,0,0,13454,706,12747,1360,11826,4377,7092,6,1,2
LPL,V5,2021-02-02,22.933333333333334,Bot,y4,0,67,1,3,0,7717,206,16,16,0,5707,4278,0,1999,8141,3784,4255,6,3,0
LPL,V5,2021-02-02,22.933333333333334,Support,ppgod,0,3,0,4,2,4597,34,0,0,0,4865,16,4848,186,8971,5713,2796,27,2,7
