League,team,date,min,role,name,win,hero,kill,death,assist,gold,lasthit,neutralKilled,neutralKilledTJungle,neutralKilledEJungle,totalDamageToChamp,pDamageToChamp,mDamageDealtToChamp,totalHeal,totalDamageTaken,pDamageTaken,mDamageTaken,wardsPlaced,wardsKilled,visionWardsBought
LPL,ES,2021-02-03,45.166666666666664,Top,zs,0,79,1,3,11,14403,312,0,0,0,15574,2116,13393,14917,34051,13850,12526,20,8,16
LPL,ES,2021-02-03,45.166666666666664,Jungle,H4cker,0,77,1,3,12,15309,284,199,131,8,8267,3069,3837,18345,42136,20921,17402,24,32,22
LPL,ES,2021-02-03,45.166666666666664,Mid,irma,0,61,3,2,13,16865,387,40,35,0,21188,780,19844,937,11852,3652,5929,19,16,9
LPL,ES,2021-02-03,45.166666666666664,Bot,rat,0,498,12,2,5,23286,491,65,53,0,40576,35779,0,2174,18040,6588,9819,17,33,6
LPL,ES,2021-02-03,45.166666666666664,Support,ShiauC,0,12,0,4,16,9073,31,0,0,0,6051,425,4385,15528,28588,13383,12935,93,10,30
LPL,TT,2021-02-03,45.166666666666664,Top,Chelizi,1,164,2,3,8,18615,395,60,29,12,20720,11004,909,15775,36341,19575,15454,23,5,10
LPL,TT,2021-02-03,45.166666666666664,Jungle,Xiaopeng,1,113,1,2,9,15054,252,170,108,14,11056,4513,5758,17043,39825,27972,9696,20,26,19
LPL,TT,2021-02-03,45.166666666666664,Mid,Twila,1,134,7,1,6,20653,408,65,41,6,45891,720,42410,3138,15012,8073,6050,18,12,8
LPL,TT,2021-02-03,45.166666666666664,Bot,SamD,1,145,4,4,4,21880,498,68,59,5,22065,13451,4658,10359,27026,17877,8403,23,18,7
LPL,TT,2021-02-03,45.166666666666664,Support,Teeen,1,89,0,7,8,10337,46,0,0,0,4462,555,2552,1131,22949,11580,8302,89,23,25
LPL,TT,2021-02-03,30.583333333333332,Top,Chelizi,0,58,3,4,2,10993,256,20,8,0,8912,8434,477,10242,32739,19599,12269,12,4,5
LPL,TT,2021-02-03,30.583333333333332,Jungle,Xiaopeng,0,113,0,2,2,8358,132,98,79,1,3345,1574,1645,8062,22016,14583,6120,10,18,10
LPL,TT,2021-02-03,30.583333333333332,Mid,Twila,0,268,2,4,1,12407,285,35,31,1,11333,48,10762,2634,14759,9604,4851,13,3,3
LPL,TT,2021-02-03,30.583333333333332,Bot,SamD,0,498,1,6,2,12026,284,22,19,0,7737,6807,459,3707,13564,8165,4628,12,8,5
LPL,TT,2021-02-03,30.583333333333332,Support,Teeen,0,89,0,4,4,6270,27,0,0,0,2680,854,945,172,12036,7049,4086,49,5,19
LPL,ES,2021-02-03,30.583333333333332,Top,zs,1,150,4,2,10,13076,260,32,19,1,21326,17372,3953,7581,18693,13894,4268,13,6,7
LPL,ES,2021-02-03,30.583333333333332,Jungle,H4cker,1,77,0,0,13,11510,213,168,104,16,6103,2462,2741,13744,23276,17676,4479,11,12,10
LPL,ES,2021-02-03,30.583333333333332,Mid,irma,1,61,2,1,13,11780,250,32,23,6,13524,635,12889,1144,6549,3033,3300,9,9,8
LPL,ES,2021-02-03,30.583333333333332,Bot,rat,1,145,11,1,7,16799,296,28,8,11,20107,12940,4752,3307,5675,3782,1866,9,12,2
LPL,ES,2021-02-03,30.583333333333332,Support,ShiauC,1,526,3,2,11,8215,37,4,0,0,5895,732,4320,1538,8152,4791,3254,45,12,16
LPL,ES,2021-02-03,33.083333333333336,Top,zs,0,79,1,3,7,9924,214,8,5,0,11542,646,10896,8611,20591,13827,5260,16,3,12
LPL,ES,2021-02-03,33.083333333333336,Jungle,H4cker,0,104,5,3,6,12081,216,181,137,4,12307,10846,727,5459,16178,12747,2950,11,12,11
LPL,ES,2021-02-03,33.083333333333336,Mid,irma,0,61,2,3,8,12518,270,28,21,0,15675,611,15063,394,11335,5461,4941,15,8,11
LPL,ES,2021-02-03,33.083333333333336,Bot,rat,0,145,2,2,7,13540,317,23,17,0,11863,7836,3900,5762,13410,11437,1726,13,14,6
LPL,ES,2021-02-03,33.083333333333336,Support,ShiauC,0,875,2,6,6,7537,51,0,0,0,6604,4097,0,116,15016,7624,6285,64,24,22
LPL,TT,2021-02-03,33.083333333333336,Top,Chelizi,1,150,2,1,9,13880,272,18,10,0,14034,11531,2502,5282,18175,8351,9657,13,15,5
LPL,TT,2021-02-03,33.083333333333336,Jungle,Xiaopeng,1,2,3,5,8,11418,181,139,90,4,8396,6136,0,12030,26434,19862,6078,11,20,12
LPL,TT,2021-02-03,33.083333333333336,Mid,Twila,1,268,5,2,4,13343,277,47,38,4,13815,202,12963,5322,18220,10032,7616,13,8,2
LPL,TT,2021-02-03,33.083333333333336,Bot,SamD,1,498,7,1,6,17713,353,44,31,9,15307,14224,981,7276,14103,8000,5348,17,14,6
LPL,TT,2021-02-03,33.083333333333336,Support,Teeen,1,526,0,3,11,8206,33,0,0,0,4722,247,3216,2262,14436,7147,5909,58,11,16
