League,team,date,min,role,name,win,hero,kill,death,assist,gold,lasthit,neutralKilled,neutralKilledTJungle,neutralKilledEJungle,totalDamageToChamp,pDamageToChamp,mDamageDealtToChamp,totalHeal,totalDamageTaken,pDamageTaken,mDamageTaken,wardsPlaced,wardsKilled,visionWardsBought
LPL,JDG,2021-02-03,33.05,Top,Zoom,1,164,5,1,1,15143,349,47,3,37,14400,9583,617,15535,27367,16075,11035,11,6,4
LPL,JDG,2021-02-03,33.05,Jungle,Kanavi,1,876,3,3,5,11016,198,173,105,17,12956,565,8945,13783,26627,19108,7466,7,13,6
LPL,JDG,2021-02-03,33.05,Mid,Yagao,1,142,3,2,6,12559,284,38,20,6,15096,779,13050,4440,11456,5621,5404,6,9,3
LPL,JDG,2021-02-03,33.05,Bot,LokeN,1,523,3,1,8,15240,336,43,27,9,16478,13892,445,1863,5074,1788,3223,13,18,6
LPL,JDG,2021-02-03,33.05,Support,LvMao,1,412,0,2,11,7312,33,0,0,0,2576,122,2453,976,7071,3986,2841,48,10,14
LPL,RW,2021-02-03,33.05,Top,Ziv,0,516,0,3,6,10509,236,0,0,0,10194,3133,7061,2496,22144,11544,5631,14,3,3
LPL,RW,2021-02-03,33.05,Jungle,Haro,0,104,3,2,2,11986,211,162,111,4,8815,7368,960,8891,18444,12273,5253,15,11,14
LPL,RW,2021-02-03,33.05,Mid,Forge,0,61,1,3,6,12355,289,13,7,0,14537,626,13910,1177,10810,5478,4125,17,5,7
LPL,RW,2021-02-03,33.05,Bot,Michi,0,360,5,2,3,13693,287,16,16,0,8150,5810,2259,5815,18361,11280,6453,11,4,3
LPL,RW,2021-02-03,33.05,Support,QiuQiu,0,89,0,4,5,6894,31,0,0,0,2703,649,1574,1645,13044,3731,5981,57,10,15
LPL,RW,2021-02-03,29.116666666666667,Top,Ziv,0,517,0,3,4,8685,202,7,1,0,10603,1331,9272,5762,19354,13608,5092,13,5,4
LPL,RW,2021-02-03,29.116666666666667,Jungle,Haro,0,2,1,3,2,8497,175,157,121,6,8342,6476,221,14313,31922,23210,7152,7,9,7
LPL,RW,2021-02-03,29.116666666666667,Mid,Forge,0,142,3,2,2,10509,235,16,16,0,13696,692,11891,5097,14829,8652,6176,12,2,3
LPL,RW,2021-02-03,29.116666666666667,Bot,Michi,0,498,3,2,3,11927,270,16,13,0,8645,7745,900,3076,14160,10078,3668,13,9,7
LPL,RW,2021-02-03,29.116666666666667,Support,QiuQiu,0,89,0,6,6,5980,42,1,1,0,3285,792,2050,1090,17755,11431,6059,48,19,13
LPL,JDG,2021-02-03,29.116666666666667,Top,Zoom,1,150,3,1,3,13377,294,21,8,4,15691,12827,2863,5477,16920,7570,7399,10,8,1
LPL,JDG,2021-02-03,29.116666666666667,Jungle,Kanavi,1,80,4,4,7,10701,151,125,79,4,16547,15057,895,12492,28476,17672,9235,29,17,7
LPL,JDG,2021-02-03,29.116666666666667,Mid,Yagao,1,61,3,0,9,12504,266,44,36,4,15067,400,14639,480,7069,5257,1433,15,7,4
LPL,JDG,2021-02-03,29.116666666666667,Bot,LokeN,1,81,3,1,9,12763,253,13,10,0,20607,12883,6905,3770,12122,6982,5139,13,10,6
LPL,JDG,2021-02-03,29.116666666666667,Support,LvMao,1,875,3,1,6,7688,30,0,0,0,3733,1979,303,1032,10638,5343,4993,43,8,13
