League,team,date,min,role,name,win,hero,kill,death,assist,gold,lasthit,neutralKilled,neutralKilledTJungle,neutralKilledEJungle,totalDamageToChamp,pDamageToChamp,mDamageDealtToChamp,totalHeal,totalDamageTaken,pDamageTaken,mDamageTaken,wardsPlaced,wardsKilled,visionWardsBought
LPL,IG,2021-02-04,26.5,Top,TheShy,1,79,3,0,4,10546,194,8,4,4,13979,921,13057,6369,9764,8536,1228,8,5,4
LPL,IG,2021-02-04,26.5,Jungle,XUN,1,2,3,0,2,9950,171,155,104,13,6097,4736,0,14604,21434,17144,4126,3,5,3
LPL,IG,2021-02-04,26.5,Mid,Rookie,1,134,4,0,2,11135,247,21,16,5,14028,649,13379,1687,6128,3700,2397,12,8,7
LPL,IG,2021-02-04,26.5,Bot,Wink,1,498,2,1,5,12852,297,44,12,16,8337,7661,0,3179,8117,3721,4173,13,14,6
LPL,IG,2021-02-04,26.5,Support,Lucas,1,412,1,2,5,7038,32,0,0,0,1114,286,827,1027,6936,2612,4089,47,10,15
LPL,OMG,2021-02-04,26.5,Top,Alielie,0,266,0,3,1,7843,194,6,5,0,6554,6554,0,3998,18935,6038,12638,11,2,6
LPL,OMG,2021-02-04,26.5,Jungle,Aki,0,104,0,1,3,8404,172,142,97,4,4352,3562,662,6693,12376,9021,3188,5,9,6
LPL,OMG,2021-02-04,26.5,Mid,Wuming,0,61,0,2,2,7962,201,12,12,0,7485,345,7140,1325,10065,1697,8368,13,7,7
LPL,OMG,2021-02-04,26.5,Bot,Eric,0,145,3,4,0,10153,231,7,7,0,4878,2161,2627,2662,10120,5530,4397,23,10,4
LPL,OMG,2021-02-04,26.5,Support,COLD,0,526,0,3,2,4985,29,0,0,0,3088,265,2391,346,7129,5177,532,38,2,16
LPL,IG,2021-02-04,25.933333333333334,Top,TheShy,1,68,1,3,11,8237,153,2,0,2,16575,513,16061,2422,12736,7227,5072,5,4,6
LPL,IG,2021-02-04,25.933333333333334,Jungle,XUN,1,2,11,0,9,12356,173,147,63,42,18242,12817,0,18141,24722,17843,6633,9,6,7
LPL,IG,2021-02-04,25.933333333333334,Mid,Rookie,1,3,4,3,17,9927,148,4,4,0,9859,131,9674,2709,15911,11059,4369,13,5,6
LPL,IG,2021-02-04,25.933333333333334,Bot,Wink,1,360,7,0,6,14389,258,20,12,8,12419,10650,1413,4991,11035,6680,4205,12,15,4
LPL,IG,2021-02-04,25.933333333333334,Support,Lucas,1,526,1,0,14,6610,27,0,0,0,5975,557,4658,1679,6768,2765,3785,41,7,15
LPL,OMG,2021-02-04,25.933333333333334,Top,Alielie,0,79,2,6,3,8430,167,2,1,0,8646,1646,6999,8324,25459,12985,10830,4,1,3
LPL,OMG,2021-02-04,25.933333333333334,Jungle,Aki,0,77,1,4,2,7560,132,116,74,12,3373,1980,949,8597,22491,12399,8480,7,5,8
LPL,OMG,2021-02-04,25.933333333333334,Mid,Wuming,0,61,1,5,2,7901,166,4,2,0,9424,1053,8371,750,11036,4577,6240,12,3,5
LPL,OMG,2021-02-04,25.933333333333334,Bot,Eric,0,145,2,3,1,9543,231,21,10,3,11298,7589,3164,4293,10257,5688,3455,29,16,3
LPL,OMG,2021-02-04,25.933333333333334,Support,COLD,0,89,0,7,4,5134,32,0,0,0,2783,717,1523,215,13743,6920,4815,24,3,9
