League,team,date,min,role,name,win,hero,kill,death,assist,gold,lasthit,neutralKilled,neutralKilledTJungle,neutralKilledEJungle,totalDamageToChamp,pDamageToChamp,mDamageDealtToChamp,totalHeal,totalDamageTaken,pDamageTaken,mDamageTaken,wardsPlaced,wardsKilled,visionWardsBought
LPL,FPX,2021-02-04,30.3,Top,Nuguri,1,41,2,2,8,12873,252,12,0,4,23180,12288,8601,2718,14427,10133,4064,12,8,5
LPL,FPX,2021-02-04,30.3,Jungle,Bo,1,876,2,1,10,13116,260,226,144,28,12179,305,8936,16328,29183,21150,7407,5,10,4
LPL,FPX,2021-02-04,30.3,Mid,Doinb,1,58,7,1,5,16443,311,14,4,1,20532,17093,3390,18326,36484,22546,12648,14,10,2
LPL,FPX,2021-02-04,30.3,Bot,Lwx,1,202,3,0,7,13910,283,19,13,4,12868,11293,818,2635,10835,7006,3225,10,9,4
LPL,FPX,2021-02-04,30.3,Support,Crisp,1,526,0,2,11,7255,33,0,0,0,4714,372,3542,1508,10212,6525,2510,48,5,16
LPL,LNG,2021-02-04,30.3,Top,Ale,0,516,1,3,4,10598,242,0,0,0,9919,2980,6708,2966,25409,15033,7145,14,3,5
LPL,LNG,2021-02-04,30.3,Jungle,Tarzan,0,163,2,4,3,9905,199,181,132,8,12412,183,11419,7615,17571,12149,4762,25,6,7
LPL,LNG,2021-02-04,30.3,Mid,icon,0,875,0,4,6,9305,231,0,0,0,9287,6722,813,2485,20374,12587,6455,10,4,1
LPL,LNG,2021-02-04,30.3,Bot,Light,0,429,3,1,2,13379,348,33,30,0,16365,14955,1213,4003,14652,10025,3779,10,14,2
LPL,LNG,2021-02-04,30.3,Support,Iwandy,0,12,0,2,6,6137,37,0,0,0,5155,397,3820,7594,15311,9318,5229,57,11,16
LPL,LNG,2021-02-04,29.366666666666667,Top,M1kuya,0,150,3,4,3,10836,233,2,0,0,16960,13433,3526,3228,21551,13456,5684,17,3,8
LPL,LNG,2021-02-04,29.366666666666667,Jungle,Tarzan,0,77,3,3,5,10148,162,134,93,20,8857,3274,4333,10213,26351,17819,6876,9,17,8
LPL,LNG,2021-02-04,29.366666666666667,Mid,icon,0,268,3,3,3,11715,284,16,9,0,15725,268,15457,1627,12557,10001,2148,9,2,1
LPL,LNG,2021-02-04,29.366666666666667,Bot,Light,0,18,2,3,2,11148,277,31,25,0,8285,6061,1149,3546,9371,7185,1889,11,10,1
LPL,LNG,2021-02-04,29.366666666666667,Support,Iwandy,0,79,1,6,3,6287,42,0,0,0,6361,853,5508,5314,16539,10460,5959,58,14,20
LPL,FPX,2021-02-04,29.366666666666667,Top,Nuguri,1,164,1,5,4,11006,228,4,0,4,11915,7401,858,5825,22953,14352,7872,9,6,4
LPL,FPX,2021-02-04,29.366666666666667,Jungle,Bo,1,76,5,1,3,13018,245,207,125,25,11871,690,11077,19169,26574,19850,6600,6,19,6
LPL,FPX,2021-02-04,29.366666666666667,Mid,Doinb,1,58,2,3,11,13457,277,31,9,9,11107,8965,2142,12298,33055,18819,13431,17,7,6
LPL,FPX,2021-02-04,29.366666666666667,Bot,Lwx,1,360,9,1,8,17229,322,30,23,4,20195,17337,2182,6518,17212,11439,5187,10,8,2
LPL,FPX,2021-02-04,29.366666666666667,Support,Crisp,1,526,2,2,13,8957,39,0,0,0,4715,469,3791,2487,8567,5884,2598,50,15,16
