League,team,date,min,role,name,win,hero,kill,death,assist,gold,lasthit,neutralKilled,neutralKilledTJungle,neutralKilledEJungle,totalDamageToChamp,pDamageToChamp,mDamageDealtToChamp,totalHeal,totalDamageTaken,pDamageTaken,mDamageTaken,wardsPlaced,wardsKilled,visionWardsBought
LPL,LGD,2021-02-05,38.416666666666664,Top,Cult,1,58,0,4,11,13648,292,14,5,0,14833,11745,2418,10386,33999,15693,15468,12,12,6
LPL,LGD,2021-02-05,38.416666666666664,Jungle,Flora,1,163,1,3,9,11579,206,180,122,16,11160,194,10031,9184,20947,12348,7155,6,9,5
LPL,LGD,2021-02-05,38.416666666666664,Mid,Uniboy,1,268,6,2,3,17276,350,8,8,0,27826,412,24497,1813,11707,6548,4848,9,13,5
LPL,LGD,2021-02-05,38.416666666666664,Bot,Kramer,1,67,7,2,7,18869,371,29,23,0,24916,15463,0,9086,15773,9707,5223,13,17,1
LPL,LGD,2021-02-05,38.416666666666664,Support,Chance,1,526,0,6,8,7848,33,0,0,0,5170,459,3671,758,15167,7441,6118,71,10,15
LPL,TT,2021-02-05,38.416666666666664,Top,Chelizi,0,516,1,3,7,13612,267,30,19,5,10879,2498,8381,3122,25359,13488,6548,21,6,14
LPL,TT,2021-02-05,38.416666666666664,Jungle,Xiaopeng,0,876,6,1,10,15106,252,186,105,23,20798,353,15506,20271,34041,21249,11773,11,22,10
LPL,TT,2021-02-05,38.416666666666664,Mid,Twila,0,80,3,3,9,14760,271,36,19,4,9974,8697,1276,10121,28830,13026,12164,22,4,9
LPL,TT,2021-02-05,38.416666666666664,Bot,SamD,0,145,6,2,7,21255,456,64,32,24,18545,9935,7359,12164,21612,12448,7631,17,15,7
LPL,TT,2021-02-05,38.416666666666664,Support,Teeen,0,412,1,5,14,9896,32,0,0,0,5112,504,3758,755,18478,6072,8646,63,10,17
LPL,TT,2021-02-05,33.2,Top,Chelizi,0,164,6,4,4,14772,261,22,8,5,20099,10337,1081,10278,28013,16725,8512,8,6,7
LPL,TT,2021-02-05,33.2,Jungle,Xiaopeng,0,77,2,4,5,11350,217,164,105,15,7377,2659,4134,13759,33006,20741,8822,11,16,12
LPL,TT,2021-02-05,33.2,Mid,Twila,0,61,0,3,5,11111,266,28,28,0,17536,259,17003,1290,11770,5753,4061,15,12,4
LPL,TT,2021-02-05,33.2,Bot,SamD,0,145,2,3,6,12875,301,34,24,4,14165,8869,3921,7665,15417,8964,4704,14,11,5
LPL,TT,2021-02-05,33.2,Support,Teeen,0,12,0,2,7,6490,25,0,0,0,4313,484,3109,5290,14952,8119,4194,69,5,24
LPL,LGD,2021-02-05,33.2,Top,Cult,1,79,2,5,5,10846,193,6,5,0,10485,1206,9279,12439,26177,12221,8098,14,14,7
LPL,LGD,2021-02-05,33.2,Jungle,Kui,1,2,5,3,3,13260,206,174,102,13,20972,12895,0,25359,41200,24422,12612,16,10,15
LPL,LGD,2021-02-05,33.2,Mid,Uniboy,1,142,2,0,8,11775,224,16,8,8,17175,1139,14175,4423,7265,2861,3738,14,4,3
LPL,LGD,2021-02-05,33.2,Bot,Kramer,1,523,6,1,4,17145,351,29,24,5,19303,15960,722,3870,6020,3639,1970,13,15,3
LPL,LGD,2021-02-05,33.2,Support,Chance,1,412,1,1,10,9084,36,0,0,0,3910,657,3253,3755,10599,3912,6100,57,10,15
