League,team,date,min,role,name,win,hero,kill,death,assist,gold,lasthit,neutralKilled,neutralKilledTJungle,neutralKilledEJungle,totalDamageToChamp,pDamageToChamp,mDamageDealtToChamp,totalHeal,totalDamageTaken,pDamageTaken,mDamageTaken,wardsPlaced,wardsKilled,visionWardsBought
LPL,EDG,2021-02-05,31.533333333333335,Top,Flandre,1,79,2,3,8,11821,227,0,0,0,10406,263,9775,7139,17429,12508,4002,9,8,4
LPL,EDG,2021-02-05,31.533333333333335,Jungle,Jiejie,1,2,4,0,6,12582,203,163,101,9,9044,6411,0,18270,26851,22105,4505,12,15,11
LPL,EDG,2021-02-05,31.533333333333335,Mid,Scout,1,61,6,1,8,15904,323,68,53,12,20517,911,19362,2491,12741,5834,6707,15,10,5
LPL,EDG,2021-02-05,31.533333333333335,Bot,Viper,1,145,5,1,3,16194,350,19,11,4,13049,8191,3024,4487,10466,5796,3562,15,18,6
LPL,EDG,2021-02-05,31.533333333333335,Support,Meiko,1,12,0,1,12,8141,31,0,0,0,6619,428,5418,7271,10602,6292,3310,56,7,18
LPL,SN,2021-02-05,31.533333333333335,Top,Bin,0,266,0,3,1,10208,254,16,8,4,8232,8232,0,6646,19873,9631,8478,13,3,6
LPL,SN,2021-02-05,31.533333333333335,Jungle,SofM,0,77,0,2,2,9733,206,165,123,0,5547,1569,2974,11680,24118,13231,10033,15,22,14
LPL,SN,2021-02-05,31.533333333333335,Mid,Angel,0,112,1,4,2,12124,285,14,5,0,12793,84,12709,822,11286,4256,6339,15,2,5
LPL,SN,2021-02-05,31.533333333333335,Bot,huanfeng,0,498,5,3,1,13730,337,44,41,0,15992,14965,886,2997,12257,4030,6948,15,12,5
LPL,SN,2021-02-05,31.533333333333335,Support,ON,0,526,0,5,3,6046,28,0,0,0,3878,338,3218,1352,14314,4217,8833,57,8,17
LPL,EDG,2021-02-05,29.05,Top,Flandre,1,79,1,0,8,9960,195,0,0,0,12821,708,12112,11377,15182,10876,3912,7,7,5
LPL,EDG,2021-02-05,29.05,Jungle,Jiejie,1,2,3,2,6,10890,198,174,104,19,14081,10827,0,25301,38443,29380,8475,10,13,7
LPL,EDG,2021-02-05,29.05,Mid,Scout,1,134,2,2,7,10925,241,25,21,4,15057,890,14103,3874,10249,4211,5989,10,10,7
LPL,EDG,2021-02-05,29.05,Bot,Viper,1,145,5,3,3,12777,252,13,8,1,19382,14037,3264,3976,10563,7215,2928,15,12,6
LPL,EDG,2021-02-05,29.05,Support,Meiko,1,12,1,3,8,7451,36,0,0,0,6049,493,5063,11688,18216,10774,6834,44,5,16
LPL,SN,2021-02-05,29.05,Top,Bin,0,266,5,3,4,11462,202,9,7,0,20536,20488,0,15231,28649,14958,11779,11,1,5
LPL,SN,2021-02-05,29.05,Jungle,SofM,0,77,2,2,4,9771,183,143,95,12,5290,1598,2888,13148,24392,13557,9328,16,16,13
LPL,SN,2021-02-05,29.05,Mid,Angel,0,268,1,2,7,9906,225,16,8,0,18449,220,18229,1790,12133,6050,5733,15,5,7
LPL,SN,2021-02-05,29.05,Bot,huanfeng,0,498,2,1,5,10275,249,19,19,0,16269,14821,831,3828,9774,5525,3922,14,5,5
LPL,SN,2021-02-05,29.05,Support,ON,0,526,0,4,3,5760,33,0,0,0,4434,504,3339,1717,14285,6491,5995,54,10,16
