League,team,date,min,role,name,win,hero,kill,death,assist,gold,lasthit,neutralKilled,neutralKilledTJungle,neutralKilledEJungle,totalDamageToChamp,pDamageToChamp,mDamageDealtToChamp,totalHeal,totalDamageTaken,pDamageTaken,mDamageTaken,wardsPlaced,wardsKilled,visionWardsBought
LPL,BLG,2021-02-06,27.7,Top,Biubiu,1,150,3,1,9,11175,208,18,11,4,20862,16739,2703,7889,21521,12033,7261,11,14,6
LPL,BLG,2021-02-06,27.7,Jungle,Meteor,1,77,3,0,9,10598,175,150,100,4,5122,2419,2318,13674,21190,12694,7592,8,18,9
LPL,BLG,2021-02-06,27.7,Mid,Zeka,1,517,3,1,8,11869,273,37,25,7,12143,119,11927,9731,18182,10399,6835,9,3,5
LPL,BLG,2021-02-06,27.7,Bot,Aiming,1,360,7,0,1,12654,271,12,8,0,9173,8399,636,3213,8659,4739,2859,11,12,2
LPL,BLG,2021-02-06,27.7,Support,Jwei,1,526,0,3,8,6392,33,0,0,0,3950,540,2692,2020,10209,5956,4091,48,9,16
LPL,OMG,2021-02-06,27.7,Top,Alielie,0,164,1,6,1,9353,215,12,12,0,11674,7791,573,1717,19652,14064,4864,12,2,8
LPL,OMG,2021-02-06,27.7,Jungle,Aki,0,163,1,5,1,8838,184,160,118,1,8490,165,7800,5486,15023,8963,5689,21,8,8
LPL,OMG,2021-02-06,27.7,Mid,Wuming,0,3,2,2,3,9510,238,0,0,0,13146,152,12793,713,12334,6913,4875,7,4,2
LPL,OMG,2021-02-06,27.7,Bot,Eric,0,18,0,2,1,10028,263,15,15,0,7166,5776,826,2023,7584,5005,2200,25,13,6
LPL,OMG,2021-02-06,27.7,Support,COLD,0,12,1,1,3,6118,35,0,0,0,4525,377,3447,4769,12948,7107,5103,39,8,16
LPL,OMG,2021-02-06,36.36666666666667,Top,New,1,150,1,2,8,15130,303,30,5,12,11809,10168,741,8732,22688,14182,7282,19,7,7
LPL,OMG,2021-02-06,36.36666666666667,Jungle,Aki,1,2,8,0,7,14826,234,177,95,12,13508,9681,34,22135,30398,22528,7331,12,16,11
LPL,OMG,2021-02-06,36.36666666666667,Mid,Wuming,1,13,3,0,10,16188,324,52,41,1,14597,343,13287,8188,13318,6419,6898,13,5,5
LPL,OMG,2021-02-06,36.36666666666667,Bot,Eric,1,523,5,1,6,16691,349,46,39,1,15929,14217,1091,4481,11934,7500,4248,11,20,3
LPL,OMG,2021-02-06,36.36666666666667,Support,COLD,1,412,1,3,11,9240,36,0,0,0,3293,353,2238,2094,10186,6163,3663,54,13,15
LPL,BLG,2021-02-06,36.36666666666667,Top,Biubiu,0,41,2,4,2,14704,324,24,20,0,15501,9668,4567,3273,21258,16815,2975,18,3,7
LPL,BLG,2021-02-06,36.36666666666667,Jungle,Meteor,0,48,0,5,3,9422,162,131,109,4,3033,1496,1303,18706,33529,23877,7700,8,11,9
LPL,BLG,2021-02-06,36.36666666666667,Mid,Zeka,0,268,0,2,4,13096,329,22,17,0,14613,28,14585,2902,12136,7450,4129,19,7,8
LPL,BLG,2021-02-06,36.36666666666667,Bot,Aiming,0,21,4,2,1,15706,377,31,29,0,24262,20322,3687,6379,13802,10219,2274,14,18,4
LPL,BLG,2021-02-06,36.36666666666667,Support,Jwei,0,89,0,5,4,7081,30,0,0,0,3526,517,2453,1626,11752,6639,3415,78,8,25
LPL,BLG,2021-02-06,32.766666666666666,Top,Biubiu,0,79,1,4,2,9878,216,8,8,0,8331,761,7569,10368,27396,19016,7469,15,8,3
LPL,BLG,2021-02-06,32.766666666666666,Jungle,Meteor,0,104,2,6,1,10626,220,178,139,9,9716,7889,1445,6513,19877,14211,4615,4,9,5
LPL,BLG,2021-02-06,32.766666666666666,Mid,Zeka,0,142,2,1,4,13676,305,28,20,0,27341,1940,22189,3209,8080,3700,3360,14,3,3
LPL,BLG,2021-02-06,32.766666666666666,Bot,Aiming,0,145,1,5,6,12889,277,28,21,4,13079,9097,2376,3357,15553,11820,3174,14,9,5
LPL,BLG,2021-02-06,32.766666666666666,Support,Jwei,0,89,2,13,4,7063,35,0,0,0,5244,1424,2733,227,19528,8693,10038,56,12,20
LPL,OMG,2021-02-06,32.766666666666666,Top,New,1,266,6,0,4,15414,301,37,20,0,16850,16850,0,13075,24053,10553,11445,12,8,6
LPL,OMG,2021-02-06,32.766666666666666,Jungle,Aki,1,77,1,1,12,10781,169,153,110,1,4552,2350,1054,16006,27756,18517,8371,10,11,9
LPL,OMG,2021-02-06,32.766666666666666,Mid,Wuming,1,3,6,0,12,12956,259,8,4,0,18957,26,18270,3339,13252,7968,4018,12,3,7
LPL,OMG,2021-02-06,32.766666666666666,Bot,Eric,1,360,14,3,12,17365,261,35,24,4,24697,20984,2490,8931,22890,12684,9108,13,15,6
LPL,OMG,2021-02-06,32.766666666666666,Support,COLD,1,526,2,4,18,9298,38,1,0,0,8035,792,5937,3097,15537,7117,7418,53,10,18
