League,team,date,min,role,name,win,hero,kill,death,assist,gold,lasthit,neutralKilled,neutralKilledTJungle,neutralKilledEJungle,totalDamageToChamp,pDamageToChamp,mDamageDealtToChamp,totalHeal,totalDamageTaken,pDamageTaken,mDamageTaken,wardsPlaced,wardsKilled,visionWardsBought
LPL,JDG,2021-02-06,28.5,Top,Zoom,1,58,4,1,6,13302,286,24,7,8,10692,8959,1732,13462,28201,20963,5293,14,6,6
LPL,JDG,2021-02-06,28.5,Jungle,Kanavi,1,77,5,1,6,11942,231,194,127,14,7213,2581,4115,20615,29701,19617,7982,13,19,11
LPL,JDG,2021-02-06,28.5,Mid,Yagao,1,268,2,1,11,11693,237,20,17,0,15855,208,15646,2168,10343,7487,2447,15,4,5
LPL,JDG,2021-02-06,28.5,Bot,LokeN,1,110,3,2,9,12694,253,15,8,3,28119,25107,2952,2389,8604,6999,1442,15,9,6
LPL,JDG,2021-02-06,28.5,Support,LvMao,1,526,0,2,7,6590,38,0,0,0,2533,324,1900,1826,8807,5724,2512,37,4,13
LPL,WE,2021-02-06,28.5,Top,Breathe,0,150,2,2,0,10153,220,17,6,0,12600,11731,868,4486,16421,10667,5693,12,5,6
LPL,WE,2021-02-06,28.5,Jungle,beishang,0,2,2,3,4,9584,170,131,96,9,10901,7680,106,12181,25630,17771,7555,9,13,5
LPL,WE,2021-02-06,28.5,Mid,Shanks,0,61,0,4,5,10216,239,16,13,0,8137,577,7560,574,11981,6436,5336,13,6,5
LPL,WE,2021-02-06,28.5,Bot,Jiumeng,0,235,1,3,5,9634,226,8,8,0,14479,12503,424,6414,11157,6967,4057,12,5,5
LPL,WE,2021-02-06,28.5,Support,Missing,0,79,2,2,5,6838,38,0,0,0,8149,408,7221,9530,20353,15092,5081,39,11,11
LPL,WE,2021-02-06,27.983333333333334,Top,Breathe,0,58,0,2,4,9963,228,13,7,1,10208,8552,1656,7741,25424,15192,7894,10,8,7
LPL,WE,2021-02-06,27.983333333333334,Jungle,beishang,0,80,5,3,2,10089,167,149,108,7,12874,11366,1061,10948,25335,15498,8505,20,8,9
LPL,WE,2021-02-06,27.983333333333334,Mid,Shanks,0,61,1,4,1,9886,237,10,9,0,6611,143,6467,334,11085,5032,5952,15,9,9
LPL,WE,2021-02-06,27.983333333333334,Bot,Jiumeng,0,67,1,4,4,10870,243,12,11,0,9329,5850,398,4657,11637,6280,4712,11,11,5
LPL,WE,2021-02-06,27.983333333333334,Support,Missing,0,89,1,3,5,6281,39,0,0,0,4586,876,2904,1195,11595,7361,3299,33,8,11
LPL,JDG,2021-02-06,27.983333333333334,Top,Zoom,1,79,1,2,8,10055,218,0,0,0,11463,1585,9877,11217,20355,14607,4398,14,11,7
LPL,JDG,2021-02-06,27.983333333333334,Jungle,Kanavi,1,2,4,2,8,10544,183,160,107,4,13963,9771,0,16985,27864,21860,4971,9,9,7
LPL,JDG,2021-02-06,27.983333333333334,Mid,Yagao,1,268,5,3,6,12475,252,28,21,4,15728,948,14780,649,12226,8450,2816,14,5,5
LPL,JDG,2021-02-06,27.983333333333334,Bot,LokeN,1,202,6,0,8,13542,280,22,16,0,16442,15017,767,1795,5948,4744,648,14,4,7
LPL,JDG,2021-02-06,27.983333333333334,Support,LvMao,1,526,0,1,14,7102,36,0,0,0,4352,438,3416,1925,9649,7087,2126,44,7,12
