League,team,date,min,role,name,win,hero,kill,death,assist,gold,lasthit,neutralKilled,neutralKilledTJungle,neutralKilledEJungle,totalDamageToChamp,pDamageToChamp,mDamageDealtToChamp,totalHeal,totalDamageTaken,pDamageTaken,mDamageTaken,wardsPlaced,wardsKilled,visionWardsBought
LPL,FPX,2021-02-06,25.833333333333332,Top,Nuguri,1,150,6,2,6,12109,220,12,1,4,15751,12942,2808,5111,18660,12500,5053,9,7,3
LPL,FPX,2021-02-06,25.833333333333332,Jungle,Bo,1,80,5,1,9,10985,183,161,103,13,10507,8998,463,15881,26954,19096,6177,6,6,8
LPL,FPX,2021-02-06,25.833333333333332,Mid,Doinb,1,68,6,1,8,11299,230,26,22,0,14085,220,13764,3280,12791,6407,5689,14,2,5
LPL,FPX,2021-02-06,25.833333333333332,Bot,Lwx,1,498,3,1,9,11580,244,16,16,0,9363,8118,965,1879,9946,6420,3418,15,7,7
LPL,FPX,2021-02-06,25.833333333333332,Support,Crisp,1,526,0,1,13,6445,33,0,0,0,3116,220,2573,1827,8596,4964,2795,43,8,15
LPL,TES,2021-02-06,25.833333333333332,Top,369,0,41,2,5,3,10728,207,12,7,0,14176,8889,3512,3519,20516,15506,4577,9,3,2
LPL,TES,2021-02-06,25.833333333333332,Jungle,Karsa,0,77,2,4,2,8767,145,127,95,4,2476,768,1247,8548,23342,16215,6611,10,9,11
LPL,TES,2021-02-06,25.833333333333332,Mid,knight,0,61,0,3,1,9977,252,20,20,0,10128,523,9604,77,7286,2611,4629,8,5,5
LPL,TES,2021-02-06,25.833333333333332,Bot,JackeyLove,0,145,2,3,1,10507,254,20,16,0,12498,7402,3668,2110,12217,7686,4240,7,7,1
LPL,TES,2021-02-06,25.833333333333332,Support,Zhuo,0,89,0,5,2,5208,38,0,0,0,2833,944,1125,292,9684,6702,2518,38,9,10
LPL,TES,2021-02-06,29.616666666666667,Top,369,0,164,3,6,1,10192,203,5,1,2,8477,5850,692,1625,17301,9968,6951,12,5,6
LPL,TES,2021-02-06,29.616666666666667,Jungle,Karsa,0,80,5,4,4,10418,162,137,87,5,7307,6732,299,10358,26736,14251,11962,14,10,15
LPL,TES,2021-02-06,29.616666666666667,Mid,knight,0,134,3,4,4,11432,267,22,21,0,17029,645,16384,787,10268,3763,6255,8,7,5
LPL,TES,2021-02-06,29.616666666666667,Bot,JackeyLove,0,235,1,8,8,12025,256,10,10,0,14816,12976,262,4899,15379,7227,7484,11,15,6
LPL,TES,2021-02-06,29.616666666666667,Support,Zhuo,0,223,0,3,7,6221,36,0,0,0,3472,890,2582,2348,14368,7354,6144,44,9,13
LPL,FPX,2021-02-06,29.616666666666667,Top,Nuguri,1,85,2,1,11,11855,231,12,12,0,16726,2071,14435,4601,11809,7241,4412,13,9,8
LPL,FPX,2021-02-06,29.616666666666667,Jungle,Bo,1,163,12,3,5,14417,223,214,128,33,15248,360,14217,10449,19489,12353,6677,9,3,9
LPL,FPX,2021-02-06,29.616666666666667,Mid,Doinb,1,240,3,2,10,13014,262,17,6,4,9709,9709,0,3671,23126,15087,6117,16,4,5
LPL,FPX,2021-02-06,29.616666666666667,Bot,Lwx,1,145,5,3,9,13642,269,16,16,0,15291,10025,4225,4840,14217,11394,2149,13,12,4
LPL,FPX,2021-02-06,29.616666666666667,Support,Crisp,1,526,3,3,13,8155,32,0,0,0,5565,930,3875,1887,10838,7623,2636,44,11,16
