League,team,date,min,role,name,win,hero,kill,death,assist,gold,lasthit,neutralKilled,neutralKilledTJungle,neutralKilledEJungle,totalDamageToChamp,pDamageToChamp,mDamageDealtToChamp,totalHeal,totalDamageTaken,pDamageTaken,mDamageTaken,wardsPlaced,wardsKilled,visionWardsBought
LPL,LNG,2021-02-07,34.016666666666666,Top,M1kuya,0,164,0,2,4,10491,255,24,7,8,17587,12074,1298,8995,27029,15912,9811,16,10,8
LPL,LNG,2021-02-07,34.016666666666666,Jungle,Tarzan,0,2,3,2,3,11356,217,188,142,0,12180,7969,0,17134,27844,19352,7315,8,12,6
LPL,LNG,2021-02-07,34.016666666666666,Mid,icon,0,268,1,3,4,12611,312,17,16,0,15991,11,15979,3047,14440,9904,3818,13,7,7
LPL,LNG,2021-02-07,34.016666666666666,Bot,Light,0,429,3,1,3,13639,318,35,29,4,9429,8544,413,1849,9435,6621,2149,16,8,5
LPL,LNG,2021-02-07,34.016666666666666,Support,Iwandy,0,59,0,5,7,6633,13,0,0,0,4157,1799,2103,1517,11620,8047,2581,68,11,23
LPL,RA,2021-02-07,34.016666666666666,Top,Cube,1,79,1,1,7,12505,279,6,0,2,17431,2830,14600,15342,28649,18824,5119,19,4,9
LPL,RA,2021-02-07,34.016666666666666,Jungle,Leyan,1,77,2,2,4,11730,233,197,140,8,5898,1927,3102,17239,31310,20726,6396,8,28,7
LPL,RA,2021-02-07,34.016666666666666,Mid,FoFo,1,236,2,1,8,15038,343,28,23,0,18549,15789,1942,1200,10483,4428,5508,9,16,3
LPL,RA,2021-02-07,34.016666666666666,Bot,iBoy,1,523,5,2,6,15143,317,32,20,4,18698,15478,407,3343,9572,6109,3261,16,13,6
LPL,RA,2021-02-07,34.016666666666666,Support,Hang,1,412,3,1,8,8459,38,0,0,0,2910,406,2147,731,7811,4943,2357,58,11,21
LPL,RA,2021-02-07,37.56666666666667,Top,Cube,1,266,1,3,3,14763,324,22,3,9,20598,20560,37,15958,36556,21711,14033,19,6,7
LPL,RA,2021-02-07,37.56666666666667,Jungle,Leyan,1,77,0,4,6,13421,265,211,138,12,10217,3256,6125,14470,32075,17322,13962,14,34,13
LPL,RA,2021-02-07,37.56666666666667,Mid,FoFo,1,268,5,0,2,16969,381,42,30,4,37896,513,37382,2971,9552,5942,3171,14,11,1
LPL,RA,2021-02-07,37.56666666666667,Bot,iBoy,1,18,2,1,6,16476,376,64,36,13,17211,12674,1561,1449,10026,4575,5343,7,26,3
LPL,RA,2021-02-07,37.56666666666667,Support,Hang,1,79,1,1,7,9076,39,0,0,0,5245,136,4186,4693,8551,5003,3548,69,20,20
LPL,LNG,2021-02-07,37.56666666666667,Top,M1kuya,0,516,0,2,4,11867,279,8,5,0,12319,4291,8027,8578,32351,16438,14034,18,2,6
LPL,LNG,2021-02-07,37.56666666666667,Jungle,Tarzan,0,120,1,3,4,11809,230,193,147,0,10867,8604,1388,27499,47258,29176,17579,12,15,10
LPL,LNG,2021-02-07,37.56666666666667,Mid,icon,0,7,4,1,3,13420,302,20,20,0,23587,1505,22081,6885,20900,11840,8088,8,4,5
LPL,LNG,2021-02-07,37.56666666666667,Bot,Light,0,360,2,2,2,16182,401,37,29,1,13519,12241,733,5250,20553,12182,8010,13,15,4
LPL,LNG,2021-02-07,37.56666666666667,Support,Iwandy,0,12,2,1,3,8197,33,0,0,0,4450,174,3547,8332,14168,7657,5490,109,11,30
