League,team,date,min,role,name,win,hero,kill,death,assist,gold,lasthit,neutralKilled,neutralKilledTJungle,neutralKilledEJungle,totalDamageToChamp,pDamageToChamp,mDamageDealtToChamp,totalHeal,totalDamageTaken,pDamageTaken,mDamageTaken,wardsPlaced,wardsKilled,visionWardsBought
LPL,V5,2021-02-07,27.033333333333335,Top,LANGX,0,58,1,4,0,8886,217,8,1,0,4307,3857,449,4757,23251,13542,8743,11,6,7
LPL,V5,2021-02-07,27.033333333333335,Jungle,Weiwei,0,104,2,4,1,9783,191,160,121,5,7080,6025,594,3852,14864,10499,3900,8,13,6
LPL,V5,2021-02-07,27.033333333333335,Mid,Mole,0,268,0,3,2,9168,229,5,4,1,13135,32,13103,1670,13458,8005,3841,10,3,6
LPL,V5,2021-02-07,27.033333333333335,Bot,y4,0,235,0,5,3,9419,223,12,12,0,5728,5388,55,4360,10436,6472,3444,8,2,2
LPL,V5,2021-02-07,27.033333333333335,Support,ppgod,0,526,1,6,1,5653,35,0,0,0,2331,220,1667,259,12890,8320,3180,37,10,8
LPL,ES,2021-02-07,27.033333333333335,Top,zs,1,150,4,0,7,12440,230,16,9,0,11269,9720,1548,3395,10709,9191,1322,14,2,9
LPL,ES,2021-02-07,27.033333333333335,Jungle,H4cker,1,2,4,1,11,10911,187,166,122,6,10049,6263,35,14121,20733,15165,5568,8,7,5
LPL,ES,2021-02-07,27.033333333333335,Mid,irma,1,4,2,1,15,11633,218,7,7,0,14824,2269,12517,1783,10126,4636,5197,10,5,3
LPL,ES,2021-02-07,27.033333333333335,Bot,rat,1,145,9,0,6,13629,271,21,9,4,17473,11856,4975,4477,9903,7001,2415,11,7,4
LPL,ES,2021-02-07,27.033333333333335,Support,ShiauC,1,12,3,2,12,7535,36,0,0,0,4212,508,3181,8787,10031,5664,4150,37,15,13
LPL,V5,2021-02-07,26.383333333333333,Top,LANGX,1,58,0,2,9,10622,231,10,7,0,9046,8032,1013,6581,23053,16099,5888,13,1,4
LPL,V5,2021-02-07,26.383333333333333,Jungle,Weiwei,1,77,7,1,7,11175,167,155,86,23,10564,3425,6178,11601,22239,15768,5548,12,10,8
LPL,V5,2021-02-07,26.383333333333333,Mid,Mole,1,61,7,1,9,13598,253,16,16,0,15904,851,15052,1080,8697,4698,3998,9,10,5
LPL,V5,2021-02-07,26.383333333333333,Bot,Trigger,1,145,3,2,4,11632,238,24,8,5,9524,6177,2188,5744,11196,7747,3005,9,7,2
LPL,V5,2021-02-07,26.383333333333333,Support,ppgod,1,432,0,1,13,7543,9,0,0,0,7053,1707,5345,3635,6502,4939,1057,37,7,10
LPL,ES,2021-02-07,26.383333333333333,Top,zs,0,150,1,3,1,9506,213,24,24,0,9002,7579,1423,2908,15311,9227,5344,12,0,5
LPL,ES,2021-02-07,26.383333333333333,Jungle,H4cker,0,2,0,2,2,7037,123,100,71,0,7361,5866,0,8730,22332,11542,10496,8,12,7
LPL,ES,2021-02-07,26.383333333333333,Mid,irma,0,268,3,4,2,9952,219,8,5,0,10768,163,10604,899,10871,6001,4729,10,4,4
LPL,ES,2021-02-07,26.383333333333333,Bot,rat,0,18,1,3,4,9504,204,19,19,0,8633,6624,1278,2874,11053,6161,4693,10,6,4
LPL,ES,2021-02-07,26.383333333333333,Support,ShiauC,0,12,2,5,4,6366,37,6,6,0,4357,431,3215,4155,14320,5897,7675,39,10,14
LPL,V5,2021-02-07,23.766666666666666,Top,LANGX,1,150,1,1,9,9062,205,8,0,0,20350,16412,3937,4613,16125,10704,4901,9,1,2
LPL,V5,2021-02-07,23.766666666666666,Jungle,Weiwei,1,104,3,2,10,9244,157,138,97,7,13643,12192,440,4329,13658,7353,6091,20,9,5
LPL,V5,2021-02-07,23.766666666666666,Mid,Mole,1,147,4,1,9,9839,207,16,12,4,9935,1955,7841,6965,6519,4010,2161,9,4,4
LPL,V5,2021-02-07,23.766666666666666,Bot,Trigger,1,145,6,0,7,10668,206,8,8,0,13553,9498,2405,3478,6965,4796,2168,10,5,3
LPL,V5,2021-02-07,23.766666666666666,Support,ppgod,1,526,2,2,8,6000,27,0,0,0,4052,498,2993,440,8831,4643,3638,27,9,7
LPL,ES,2021-02-07,23.766666666666666,Top,zs,0,58,1,4,4,8180,189,0,0,0,9618,8491,1127,6246,22117,15274,6082,10,1,3
LPL,ES,2021-02-07,23.766666666666666,Jungle,H4cker,0,77,2,2,2,7894,171,140,107,0,4603,1456,2290,9584,22798,16814,5453,9,9,8
LPL,ES,2021-02-07,23.766666666666666,Mid,irma,0,3,2,4,4,9249,215,8,8,0,12220,0,12220,499,14367,12558,888,8,5,5
LPL,ES,2021-02-07,23.766666666666666,Bot,rat,0,202,0,4,4,7728,191,2,1,0,7252,6976,276,2488,10282,7035,2796,10,6,4
LPL,ES,2021-02-07,23.766666666666666,Support,ShiauC,0,12,1,2,3,5032,27,0,0,0,3225,260,2189,4002,11838,7129,4014,32,2,9
