League,team,date,min,role,name,win,hero,kill,death,assist,gold,lasthit,neutralKilled,neutralKilledTJungle,neutralKilledEJungle,totalDamageToChamp,pDamageToChamp,mDamageDealtToChamp,totalHeal,totalDamageTaken,pDamageTaken,mDamageTaken,wardsPlaced,wardsKilled,visionWardsBought
LPL,IG,2021-02-07,29.466666666666665,Top,TheShy,1,126,3,1,10,13173,288,27,5,8,21893,19254,2638,6641,14758,8226,5857,10,6,5
LPL,IG,2021-02-07,29.466666666666665,Jungle,XUN,1,76,6,1,8,12294,197,170,95,25,11200,555,10267,23149,28788,20233,7692,28,16,7
LPL,IG,2021-02-07,29.466666666666665,Mid,Rookie,1,134,7,0,6,13021,245,24,16,8,17715,787,16778,940,6675,3865,2545,19,6,13
LPL,IG,2021-02-07,29.466666666666665,Bot,Wink,1,498,2,2,15,13271,299,28,23,0,14002,12625,907,5834,12206,7959,3518,16,18,6
LPL,IG,2021-02-07,29.466666666666665,Support,Lucas,1,526,0,3,13,6952,30,0,0,0,4237,290,3663,763,9442,5232,3280,50,6,11
LPL,RNG,2021-02-07,29.466666666666665,Top,Xiaohu,0,150,2,5,4,10363,205,14,9,4,7565,6566,902,3642,25172,14020,10567,12,4,3
LPL,RNG,2021-02-07,29.466666666666665,Jungle,Wei,0,876,1,2,3,9680,178,151,105,5,8807,46,5968,10287,23131,15327,7671,29,12,15
LPL,RNG,2021-02-07,29.466666666666665,Mid,Cryin,0,68,0,3,3,8386,195,0,0,0,9741,177,9563,1306,16082,8566,7475,13,7,4
LPL,RNG,2021-02-07,29.466666666666665,Bot,GALA,0,360,3,4,3,11916,298,20,20,0,9359,8455,795,3886,18402,13294,4913,11,14,5
LPL,RNG,2021-02-07,29.466666666666665,Support,Ming,0,12,1,4,5,6294,33,0,0,0,3141,215,2464,5022,15614,7945,7338,49,9,19
LPL,RNG,2021-02-07,32.78333333333333,Top,Xiaohu,1,517,9,4,7,14365,239,22,8,3,18951,4086,13241,6334,23266,15096,7234,11,5,1
LPL,RNG,2021-02-07,32.78333333333333,Jungle,Wei,1,2,7,3,11,12793,153,129,83,13,16347,9437,188,16612,33095,20717,10778,13,15,14
LPL,RNG,2021-02-07,32.78333333333333,Mid,Cryin,1,61,5,2,17,12316,218,28,24,4,16265,920,15064,2187,13654,8585,4877,18,8,8
LPL,RNG,2021-02-07,32.78333333333333,Bot,GALA,1,145,7,2,13,16898,359,56,31,4,22148,14462,3864,9496,17482,11363,5752,8,11,1
LPL,RNG,2021-02-07,32.78333333333333,Support,Ming,1,89,1,5,17,8928,55,0,0,0,4807,1676,2513,1075,17117,8195,8551,55,23,15
LPL,IG,2021-02-07,32.78333333333333,Top,TheShy,0,150,3,5,7,13710,244,14,8,2,20397,17225,2722,6633,28670,13707,10398,9,4,6
LPL,IG,2021-02-07,32.78333333333333,Jungle,XUN,0,76,4,5,6,12533,190,162,115,7,16365,667,15305,20391,29245,20808,6726,25,16,3
LPL,IG,2021-02-07,32.78333333333333,Mid,Rookie,0,268,3,6,7,12115,253,20,16,0,13768,444,13324,2894,16539,7204,8229,12,14,7
LPL,IG,2021-02-07,32.78333333333333,Bot,Wink,0,498,6,7,5,14068,294,32,28,0,22535,20604,0,3977,20496,8959,9473,15,7,6
LPL,IG,2021-02-07,32.78333333333333,Support,Lucas,0,526,0,6,11,7723,41,0,0,0,4890,567,3632,965,16278,8705,3951,56,6,19
LPL,RNG,2021-02-07,36.8,Top,Xiaohu,1,150,1,1,11,14550,308,23,10,0,14980,12338,2642,9823,27784,16233,7599,18,10,6
LPL,RNG,2021-02-07,36.8,Jungle,Wei,1,77,3,5,7,11638,177,133,88,9,3315,1072,1859,12859,30390,22143,6405,24,32,23
LPL,RNG,2021-02-07,36.8,Mid,Cryin,1,61,3,1,7,14011,271,48,41,4,15886,452,15383,3052,11924,7452,3714,14,6,3
LPL,RNG,2021-02-07,36.8,Bot,GALA,1,145,8,0,1,17901,410,67,49,13,12051,7020,3973,6361,14168,10909,2611,11,21,2
LPL,RNG,2021-02-07,36.8,Support,Ming,1,79,0,1,5,7695,39,0,0,0,5049,168,4538,8988,16233,10885,4572,73,11,19
LPL,IG,2021-02-07,36.8,Top,TheShy,0,41,5,5,2,14969,278,27,17,0,26786,15618,8263,4299,19516,12067,6856,11,2,8
LPL,IG,2021-02-07,36.8,Jungle,XUN,0,876,1,4,6,11704,209,179,125,8,13150,300,9505,13242,30254,19510,10162,26,13,6
LPL,IG,2021-02-07,36.8,Mid,Rookie,0,236,1,2,3,12030,284,12,8,0,13572,11507,2065,1417,11797,6324,5448,19,10,7
LPL,IG,2021-02-07,36.8,Bot,Wink,0,523,1,2,5,15692,367,35,24,0,16098,14168,204,5465,10260,6089,3910,17,17,6
LPL,IG,2021-02-07,36.8,Support,Lucas,0,412,0,2,6,7619,41,0,0,0,1958,223,1735,1988,10696,4932,5390,73,18,26
