League,team,date,min,role,name,win,hero,kill,death,assist,gold,lasthit,neutralKilled,neutralKilledTJungle,neutralKilledEJungle,totalDamageToChamp,pDamageToChamp,mDamageDealtToChamp,totalHeal,totalDamageTaken,pDamageTaken,mDamageTaken,wardsPlaced,wardsKilled,visionWardsBought
LPL,SN,2021-02-22,40.13333333333333,Top,Bin,0,79,0,2,4,11200,234,2,1,0,14499,1753,12746,13407,25141,15543,8881,12,9,9
LPL,SN,2021-02-22,40.13333333333333,Jungle,SofM,0,104,2,3,1,13538,292,209,145,11,18693,14337,3061,14738,27615,15842,10404,14,27,10
LPL,SN,2021-02-22,40.13333333333333,Mid,Angel,0,4,1,3,5,14302,295,24,17,0,16770,561,16096,3038,15609,6366,8867,17,7,7
LPL,SN,2021-02-22,40.13333333333333,Bot,huanfeng,0,81,4,3,3,17225,388,57,49,7,38249,24372,12771,4308,13754,7875,5677,19,10,6
LPL,SN,2021-02-22,40.13333333333333,Support,ON,0,89,0,3,6,8063,54,0,0,0,3093,453,2100,1374,12120,4601,7384,62,22,14
LPL,JDG,2021-02-22,40.13333333333333,Top,Zoom,1,58,1,0,8,15816,334,20,12,0,11250,9727,1523,11522,34273,17535,15830,24,9,10
LPL,JDG,2021-02-22,40.13333333333333,Jungle,Kanavi,1,77,2,1,9,13887,239,197,137,1,8211,2788,4723,19100,34913,23209,10906,17,38,15
LPL,JDG,2021-02-22,40.13333333333333,Mid,Yagao,1,268,8,0,3,17932,363,44,27,4,26442,860,25331,1709,12643,7487,5084,7,14,4
LPL,JDG,2021-02-22,40.13333333333333,Bot,LokeN,1,202,1,1,10,16107,374,39,24,14,15130,12711,1859,3932,17730,8404,9000,18,14,8
LPL,JDG,2021-02-22,40.13333333333333,Support,LvMao,1,12,2,5,8,9052,33,0,0,0,7791,614,5891,14754,27244,15564,10729,67,4,24
LPL,SN,2021-02-22,35.0,Top,Bin,0,41,4,4,3,15458,288,19,10,4,19400,12446,5285,4917,19397,8445,10534,13,3,6
LPL,SN,2021-02-22,35.0,Jungle,SofM,0,2,5,5,1,11718,203,161,109,12,13536,9424,53,18082,38965,25305,12800,14,10,9
LPL,SN,2021-02-22,35.0,Mid,Angel,0,4,1,3,6,12560,260,20,12,4,13047,1381,11436,4099,16271,7701,8312,18,7,9
LPL,SN,2021-02-22,35.0,Bot,huanfeng,0,523,2,2,3,14495,362,48,40,4,7082,5757,467,5310,14448,9982,4276,14,17,4
LPL,SN,2021-02-22,35.0,Support,ON,0,412,1,3,5,8067,39,0,0,0,4086,530,2746,1805,12758,6645,5900,49,12,12
LPL,JDG,2021-02-22,35.0,Top,Zoom,1,79,2,3,5,12384,253,0,0,0,14572,561,14010,12080,25269,17668,5161,19,4,6
LPL,JDG,2021-02-22,35.0,Jungle,Kanavi,1,104,5,3,5,15289,281,227,143,28,13496,10608,1709,9132,20218,12571,5691,10,9,8
LPL,JDG,2021-02-22,35.0,Mid,Yagao,1,268,7,1,8,17621,343,39,18,7,19594,930,18664,1011,11949,6005,5050,7,12,2
LPL,JDG,2021-02-22,35.0,Bot,LokeN,1,110,2,3,8,13048,266,20,17,0,23599,20728,2870,1432,11068,7128,2974,16,17,5
LPL,JDG,2021-02-22,35.0,Support,LvMao,1,526,1,3,11,8487,39,0,0,0,3139,319,2062,2194,14063,8790,3900,49,14,17
