League,team,date,min,role,name,win,hero,kill,death,assist,gold,lasthit,neutralKilled,neutralKilledTJungle,neutralKilledEJungle,totalDamageToChamp,pDamageToChamp,mDamageDealtToChamp,totalHeal,totalDamageTaken,pDamageTaken,mDamageTaken,wardsPlaced,wardsKilled,visionWardsBought
LPL,FPX,2021-02-22,31.233333333333334,Top,Nuguri,0,150,1,5,4,10744,249,16,6,0,13116,10505,2610,3614,18906,12001,6442,9,12,3
LPL,FPX,2021-02-22,31.233333333333334,Jungle,Tian,0,2,2,4,2,9255,169,139,107,4,10643,7390,57,13294,26905,17722,8671,17,8,14
LPL,FPX,2021-02-22,31.233333333333334,Mid,Doinb,0,68,3,3,2,10516,251,17,11,0,18406,44,18361,2324,14237,9281,4295,14,6,2
LPL,FPX,2021-02-22,31.233333333333334,Bot,Lwx,0,145,2,2,3,13716,338,42,36,4,11316,7914,2206,4441,11033,8268,2594,11,12,4
LPL,FPX,2021-02-22,31.233333333333334,Support,Crisp,0,12,0,5,6,6367,30,0,0,0,3533,162,2628,2778,14894,7006,7225,49,9,19
LPL,WE,2021-02-22,31.233333333333334,Top,Breathe,1,39,1,2,9,11777,261,20,11,0,10709,6432,4217,6562,20567,13282,5450,11,3,5
LPL,WE,2021-02-22,31.233333333333334,Jungle,beishang,1,77,3,1,14,12711,228,165,110,6,11044,4065,5682,17974,30196,20282,8914,12,27,11
LPL,WE,2021-02-22,31.233333333333334,Mid,Shanks,1,69,6,0,5,14367,291,28,24,0,12183,456,11727,5495,8957,4504,4452,18,5,8
LPL,WE,2021-02-22,31.233333333333334,Bot,Jiumeng,1,360,7,2,7,14137,291,46,34,10,17692,15841,1424,6024,17739,9548,6773,14,7,4
LPL,WE,2021-02-22,31.233333333333334,Support,Missing,1,526,2,3,11,8193,35,0,0,0,4845,152,4009,3599,13396,7592,4919,46,10,12
LPL,WE,2021-02-22,36.583333333333336,Top,Breathe,1,126,8,1,9,15449,258,29,11,8,18764,17054,1439,2879,12436,7828,4156,19,15,6
LPL,WE,2021-02-22,36.583333333333336,Jungle,beishang,1,2,3,4,7,12504,198,158,95,16,11405,6558,0,18395,35449,23883,11037,12,18,12
LPL,WE,2021-02-22,36.583333333333336,Mid,Shanks,1,268,3,3,14,16155,338,42,40,2,19630,199,19430,3832,16191,7988,7396,21,17,9
LPL,WE,2021-02-22,36.583333333333336,Bot,Jiumeng,1,18,4,2,7,17634,387,52,37,4,24749,19329,1688,4014,15795,8936,6540,18,26,8
LPL,WE,2021-02-22,36.583333333333336,Support,Missing,1,12,2,2,13,9586,38,0,0,0,7579,833,5586,10664,19973,11762,6807,62,11,17
LPL,FPX,2021-02-22,36.583333333333336,Top,Nuguri,0,236,3,4,7,15033,300,15,11,0,20548,18038,2510,3898,22137,14471,5495,15,17,6
LPL,FPX,2021-02-22,36.583333333333336,Jungle,Tian,0,876,0,4,7,10988,193,156,112,0,11839,283,8298,11681,30504,20374,8431,17,7,16
LPL,FPX,2021-02-22,36.583333333333336,Mid,Doinb,0,13,6,4,5,15131,316,49,31,13,18531,477,18054,7553,21790,12548,7487,21,7,7
LPL,FPX,2021-02-22,36.583333333333336,Bot,Lwx,0,360,3,3,7,14139,305,28,28,0,16009,14185,1571,6183,23852,15888,6994,13,12,4
LPL,FPX,2021-02-22,36.583333333333336,Support,Crisp,0,89,0,5,3,7488,33,0,0,0,3083,571,2512,918,17810,10201,4194,72,8,26
