League,team,date,min,role,name,win,hero,kill,death,assist,gold,lasthit,neutralKilled,neutralKilledTJungle,neutralKilledEJungle,totalDamageToChamp,pDamageToChamp,mDamageDealtToChamp,totalHeal,totalDamageTaken,pDamageTaken,mDamageTaken,wardsPlaced,wardsKilled,visionWardsBought
LPL,BLG,2021-02-23,33.666666666666664,Top,Biubiu,0,150,1,6,1,10881,255,18,15,0,11323,9843,1446,4131,28388,16495,9156,18,4,7
LPL,BLG,2021-02-23,33.666666666666664,Jungle,Meteor,0,104,0,3,4,10764,224,179,128,9,7328,5850,1181,6769,16260,9944,6080,10,11,10
LPL,BLG,2021-02-23,33.666666666666664,Mid,Zeka,0,268,0,3,5,13006,346,16,16,0,13169,605,12564,3558,17353,10834,5523,21,9,10
LPL,BLG,2021-02-23,33.666666666666664,Bot,Aiming,0,145,3,3,2,13756,321,12,9,0,7774,4768,2449,4219,16544,10864,5158,22,10,2
LPL,BLG,2021-02-23,33.666666666666664,Support,Mark,0,12,2,4,3,7460,37,0,0,0,4030,348,2968,5448,15632,7625,6102,52,12,18
LPL,EDG,2021-02-23,33.666666666666664,Top,Flandre,1,41,11,1,4,19410,347,35,16,6,27566,18898,4733,6189,19537,12099,6988,6,12,2
LPL,EDG,2021-02-23,33.666666666666664,Jungle,Jiejie,1,77,2,0,11,12180,195,171,97,27,4839,1630,2452,14600,23970,18848,4885,14,15,13
LPL,EDG,2021-02-23,33.666666666666664,Mid,Scout,1,61,4,0,8,14922,332,63,46,1,18557,924,17633,3581,12347,6690,5657,17,9,6
LPL,EDG,2021-02-23,33.666666666666664,Bot,Viper,1,498,1,3,9,14726,364,47,28,7,16425,14567,1491,1140,10011,6207,3411,16,24,5
LPL,EDG,2021-02-23,33.666666666666664,Support,Meiko,1,526,1,2,12,8326,37,0,0,0,5109,398,3373,542,8468,3988,3956,55,12,16
LPL,EDG,2021-02-23,27.033333333333335,Top,Flandre,1,266,4,1,11,11096,218,20,13,0,14632,14632,0,7886,20635,13183,6705,8,9,5
LPL,EDG,2021-02-23,27.033333333333335,Jungle,Jiejie,1,876,1,2,12,9537,166,124,79,12,5827,369,3500,12280,23230,17722,5057,10,6,6
LPL,EDG,2021-02-23,27.033333333333335,Mid,Scout,1,268,2,2,10,11641,254,32,25,4,18076,303,17773,1930,8659,4260,4042,21,13,5
LPL,EDG,2021-02-23,27.033333333333335,Bot,Viper,1,360,9,0,8,14129,252,12,0,8,12461,10407,1918,2870,10309,7367,2805,15,11,6
LPL,EDG,2021-02-23,27.033333333333335,Support,Meiko,1,12,2,1,16,8484,34,0,0,0,4901,361,3991,9614,13696,7170,5743,41,6,15
LPL,BLG,2021-02-23,27.033333333333335,Top,Biubiu,0,58,0,4,1,9347,231,20,9,4,9074,7446,1628,4951,21975,14423,6791,10,5,6
LPL,BLG,2021-02-23,27.033333333333335,Jungle,Meteor,0,76,2,3,3,9486,191,171,121,12,16680,850,15419,14576,25085,17767,6863,19,15,5
LPL,BLG,2021-02-23,27.033333333333335,Mid,Zeka,0,777,4,3,0,9471,213,0,0,0,8312,4899,1972,3835,15056,6353,8172,14,5,10
LPL,BLG,2021-02-23,27.033333333333335,Bot,Aiming,0,235,0,3,3,8746,202,4,4,0,6565,5941,0,3550,7363,4049,2981,12,11,4
LPL,BLG,2021-02-23,27.033333333333335,Support,Mark,0,526,0,5,2,5288,34,0,0,0,1534,158,1376,630,11321,5224,5531,41,9,11
