League,team,date,min,role,name,win,hero,kill,death,assist,gold,lasthit,neutralKilled,neutralKilledTJungle,neutralKilledEJungle,totalDamageToChamp,pDamageToChamp,mDamageDealtToChamp,totalHeal,totalDamageTaken,pDamageTaken,mDamageTaken,wardsPlaced,wardsKilled,visionWardsBought
LPL,TES,2021-02-23,29.3,Top,369,1,126,3,3,13,12057,221,23,15,0,22527,19138,3389,3599,12891,8841,3704,11,7,4
LPL,TES,2021-02-23,29.3,Jungle,Karsa,1,77,3,1,8,11667,214,179,111,12,6687,1906,4308,14039,23282,17270,5720,5,13,3
LPL,TES,2021-02-23,29.3,Mid,knight,1,4,6,2,11,14437,266,34,20,10,19480,1174,18154,1909,11683,7179,4113,3,9,2
LPL,TES,2021-02-23,29.3,Bot,JackeyLove,1,523,9,4,5,16168,310,42,20,14,27689,24235,520,4061,12924,7348,5215,9,12,5
LPL,TES,2021-02-23,29.3,Support,Zhuo,1,412,0,1,15,7688,39,0,0,0,3273,696,2577,771,7886,3090,4449,43,16,11
LPL,LNG,2021-02-23,29.3,Top,Ale,0,62,1,7,5,9602,196,16,16,0,10490,7887,2602,4037,30662,18684,10495,11,4,6
LPL,LNG,2021-02-23,29.3,Jungle,Tarzan,0,141,3,3,3,9685,168,143,113,0,6300,5463,475,12712,24539,17490,6733,21,10,7
LPL,LNG,2021-02-23,29.3,Mid,icon,0,142,3,2,5,10217,216,8,8,0,11904,1033,9574,4546,14977,9141,5104,4,2,3
LPL,LNG,2021-02-23,29.3,Bot,Light,0,81,3,3,4,11092,260,8,8,0,11465,7855,3531,969,12585,7670,4717,14,5,5
LPL,LNG,2021-02-23,29.3,Support,Iwandy,0,526,1,6,5,6416,29,0,0,0,3884,231,3653,701,17870,12441,4598,54,8,16
LPL,LNG,2021-02-23,31.066666666666666,Top,M1kuya,0,266,1,6,4,9646,204,4,4,0,11876,11736,0,8377,32192,16422,13045,10,5,4
LPL,LNG,2021-02-23,31.066666666666666,Jungle,Tarzan,0,76,0,3,5,9037,187,164,117,12,12354,651,11408,18058,26906,18756,7639,5,19,6
LPL,LNG,2021-02-23,31.066666666666666,Mid,icon,0,61,3,5,3,12079,290,22,22,0,13038,1050,11987,1896,15641,7009,7170,10,8,9
LPL,LNG,2021-02-23,31.066666666666666,Bot,Light,0,145,4,2,4,13125,301,15,15,0,10916,7576,2416,3938,14174,8781,4109,11,6,2
LPL,LNG,2021-02-23,31.066666666666666,Support,Iwandy,0,12,0,6,7,6342,38,4,0,0,4547,381,2848,6999,19857,8907,9663,59,7,23
LPL,TES,2021-02-23,31.066666666666666,Top,369,1,164,2,3,7,13780,270,32,12,15,15424,9693,1002,8002,24531,18060,5783,7,7,4
LPL,TES,2021-02-23,31.066666666666666,Jungle,Karsa,1,79,6,0,9,11701,156,134,75,4,14933,782,12999,17185,22606,15278,7327,29,10,9
LPL,TES,2021-02-23,31.066666666666666,Mid,knight,1,4,5,0,12,15079,260,27,20,4,20932,1621,19001,5698,13626,6714,6912,3,9,1
LPL,TES,2021-02-23,31.066666666666666,Bot,JackeyLove,1,360,9,1,8,16219,285,28,24,4,21559,18617,2404,8605,22865,14680,7312,8,17,2
LPL,TES,2021-02-23,31.066666666666666,Support,Zhuo,1,526,0,4,10,7760,44,0,0,0,3480,189,2753,1005,13059,6138,5805,54,12,15
