League,team,date,min,role,name,win,hero,kill,death,assist,gold,lasthit,neutralKilled,neutralKilledTJungle,neutralKilledEJungle,totalDamageToChamp,pDamageToChamp,mDamageDealtToChamp,totalHeal,totalDamageTaken,pDamageTaken,mDamageTaken,wardsPlaced,wardsKilled,visionWardsBought
LPL,TT,2021-02-24,33.93333333333333,Top,Chelizi,1,150,1,2,3,13169,308,24,11,0,14597,11547,3049,4805,15860,11256,2637,14,9,8
LPL,TT,2021-02-24,33.93333333333333,Jungle,Xiaopeng,1,77,2,1,3,12096,216,182,122,10,3465,1144,1472,16201,27055,16838,8999,13,22,12
LPL,TT,2021-02-24,33.93333333333333,Mid,Twila,1,42,2,1,3,13408,313,37,27,1,22188,1734,20453,3175,11020,3498,7429,13,6,2
LPL,TT,2021-02-24,33.93333333333333,Bot,SamD,1,236,2,0,5,15517,380,33,28,0,13831,11379,1347,5928,8806,5338,3468,16,20,4
LPL,TT,2021-02-24,33.93333333333333,Support,Teeen,1,79,0,0,7,7836,33,0,0,0,7914,518,6336,6444,12775,8738,3422,64,7,17
LPL,RA,2021-02-24,33.93333333333333,Top,Cube,0,266,1,1,1,11745,283,8,8,0,10417,10322,94,11434,29039,15155,13200,19,3,8
LPL,RA,2021-02-24,33.93333333333333,Jungle,Leyan,0,2,1,1,1,11325,233,201,134,16,7764,5650,0,16998,27638,18169,9046,8,21,5
LPL,RA,2021-02-24,33.93333333333333,Mid,FoFo,0,268,1,1,2,14042,370,29,25,4,17468,480,16988,2245,10207,6465,3409,15,7,5
LPL,RA,2021-02-24,33.93333333333333,Bot,iBoy,0,18,1,1,1,13260,322,44,33,1,6016,3734,1496,1248,10347,5319,4084,9,19,5
LPL,RA,2021-02-24,33.93333333333333,Support,Hang,0,12,0,3,2,7127,34,0,0,0,4656,153,3510,2738,12407,5804,5973,58,9,15
LPL,RA,2021-02-24,31.116666666666667,Top,Cube,1,14,0,0,8,10876,252,4,0,4,8678,4760,3918,7681,19440,9736,8627,14,4,3
LPL,RA,2021-02-24,31.116666666666667,Jungle,Leyan,1,876,2,1,5,11421,219,181,127,12,12823,175,10150,13103,24205,18566,5267,4,8,3
LPL,RA,2021-02-24,31.116666666666667,Mid,FoFo,1,268,2,0,6,12815,298,20,12,4,23746,388,23358,3331,9242,5029,4085,13,10,5
LPL,RA,2021-02-24,31.116666666666667,Bot,iBoy,1,145,6,2,6,15565,282,27,12,6,19037,12464,3756,6608,11763,8260,2843,11,19,4
LPL,RA,2021-02-24,31.116666666666667,Support,Hang,1,526,2,2,8,8194,34,0,0,0,3277,366,2320,2010,9709,4674,4599,41,8,11
LPL,TT,2021-02-24,31.116666666666667,Top,Chelizi,0,106,0,2,1,9585,238,20,12,0,4661,1266,3394,3257,18914,8239,9147,16,6,9
LPL,TT,2021-02-24,31.116666666666667,Jungle,Xiaopeng,0,77,0,1,2,10200,225,180,115,15,3883,1000,2118,14991,26179,13538,10597,11,19,11
LPL,TT,2021-02-24,31.116666666666667,Mid,Twila,0,42,1,2,0,11973,316,11,10,0,14452,1593,12537,3914,15080,3763,11130,11,3,2
LPL,TT,2021-02-24,31.116666666666667,Bot,SamD,0,236,3,4,1,11850,273,22,21,0,9895,8013,898,8207,16182,8499,6712,15,7,6
LPL,TT,2021-02-24,31.116666666666667,Support,Teeen,0,79,1,3,2,6320,25,0,0,0,3167,356,2207,6431,17215,7146,8892,49,5,17
LPL,TT,2021-02-24,30.85,Top,Chelizi,0,14,0,3,8,9153,194,14,8,0,8524,5410,3113,2137,25231,17948,5246,15,2,5
LPL,TT,2021-02-24,30.85,Jungle,Xiaopeng,0,2,8,3,4,12415,197,143,107,5,15851,10901,62,16141,32157,23641,6761,7,16,8
LPL,TT,2021-02-24,30.85,Mid,Twila,0,69,2,4,8,10809,227,32,24,4,13866,166,13699,5195,16048,10738,4920,17,7,9
LPL,TT,2021-02-24,30.85,Bot,SamD,0,360,5,3,4,13803,309,12,12,0,12763,10500,1704,5314,19035,13819,4174,14,11,4
LPL,TT,2021-02-24,30.85,Support,Teeen,0,526,1,6,12,7455,34,0,0,0,4695,332,3752,469,15667,11559,3294,54,9,19
LPL,RA,2021-02-24,30.85,Top,Cube,1,150,2,2,8,12549,249,8,4,4,20331,17476,2855,6510,18769,12065,5164,17,5,7
LPL,RA,2021-02-24,30.85,Jungle,Leyan,1,876,5,5,7,12531,231,187,136,4,13901,717,9660,13351,31240,19629,10074,8,9,5
LPL,RA,2021-02-24,30.85,Mid,FoFo,1,126,7,3,10,15547,271,20,6,8,25982,23875,2107,4958,13095,9229,3276,10,10,1
LPL,RA,2021-02-24,30.85,Bot,iBoy,1,18,5,3,6,14863,325,33,13,1,14282,10992,1484,1038,8945,5639,2200,9,25,2
LPL,RA,2021-02-24,30.85,Support,Hang,1,12,0,3,14,7715,31,0,0,0,6535,593,5237,7330,14641,7326,6028,50,8,14
