League,team,date,min,role,name,win,hero,kill,death,assist,gold,lasthit,neutralKilled,neutralKilledTJungle,neutralKilledEJungle,totalDamageToChamp,pDamageToChamp,mDamageDealtToChamp,totalHeal,totalDamageTaken,pDamageTaken,mDamageTaken,wardsPlaced,wardsKilled,visionWardsBought
LPL,WE,2021-02-24,28.533333333333335,Top,Breathe,1,58,7,1,7,13274,252,4,1,0,10651,7908,2743,11228,23640,16553,6712,10,4,5
LPL,WE,2021-02-24,28.533333333333335,Jungle,beishang,1,36,1,2,12,10406,172,150,87,12,12368,2161,9076,28051,29626,19734,8926,9,14,10
LPL,WE,2021-02-24,28.533333333333335,Mid,Shanks,1,268,0,1,12,12115,297,40,24,12,19661,279,19381,3256,13319,6429,6454,15,12,7
LPL,WE,2021-02-24,28.533333333333335,Bot,Jiumeng,1,145,9,1,6,15735,307,54,40,6,22558,14762,4870,5212,11738,6901,3712,11,5,5
LPL,WE,2021-02-24,28.533333333333335,Support,Missing,1,79,1,4,6,6606,7,0,0,0,12596,169,11882,6039,15228,7761,6977,31,3,5
LPL,ES,2021-02-24,28.533333333333335,Top,zs,0,150,3,3,4,10991,228,12,9,0,13919,11917,2001,4925,17781,9045,7724,11,2,7
LPL,ES,2021-02-24,28.533333333333335,Jungle,H4cker,0,77,1,5,6,8955,190,145,105,4,4767,1382,2422,12621,32061,17066,13170,10,17,11
LPL,ES,2021-02-24,28.533333333333335,Mid,irma,0,42,2,3,4,10710,273,24,21,0,19783,1678,18105,1669,16186,6174,9458,13,8,4
LPL,ES,2021-02-24,28.533333333333335,Bot,rat,0,235,3,3,5,8172,44,6,6,0,13840,12414,0,9117,12651,4326,7793,31,5,4
LPL,ES,2021-02-24,28.533333333333335,Support,ShiauC,0,223,0,4,7,8369,165,0,0,0,6973,429,6543,3874,23657,10547,12431,13,4,7
LPL,ES,2021-02-24,37.61666666666667,Top,zs,0,79,0,4,2,11279,255,16,13,0,16245,790,15449,10836,25765,17291,7667,19,3,12
LPL,ES,2021-02-24,37.61666666666667,Jungle,H4cker,0,2,2,4,4,11917,245,187,132,15,16792,11369,0,20969,42919,29334,12889,12,17,14
LPL,ES,2021-02-24,37.61666666666667,Mid,irma,0,4,1,3,6,13797,286,5,5,0,22229,1796,20045,2783,17800,11103,6190,6,12,3
LPL,ES,2021-02-24,37.61666666666667,Bot,rat,0,145,7,5,3,18885,391,21,17,4,28299,19084,7098,13979,26310,15097,10494,14,26,6
LPL,ES,2021-02-24,37.61666666666667,Support,ShiauC,0,25,0,3,6,8216,38,2,2,0,12169,719,11094,7760,14111,9292,4661,67,14,23
LPL,WE,2021-02-24,37.61666666666667,Top,Breathe,1,266,3,0,8,15969,306,48,23,5,17022,17022,0,17366,27288,13174,10375,13,11,8
LPL,WE,2021-02-24,37.61666666666667,Jungle,beishang,1,77,3,3,11,13790,227,180,92,35,10030,3064,5792,14737,35040,21584,12292,14,19,13
LPL,WE,2021-02-24,37.61666666666667,Mid,Shanks,1,268,7,3,7,17468,335,28,24,0,25811,542,25044,6199,22185,9902,11471,19,11,7
LPL,WE,2021-02-24,37.61666666666667,Bot,Jiumeng,1,498,3,1,10,17041,385,75,44,15,30837,28621,1780,341,21181,9743,11220,18,17,7
LPL,WE,2021-02-24,37.61666666666667,Support,Missing,1,12,3,3,9,9575,36,0,0,0,8445,1092,6302,14614,26391,10955,13028,67,8,17
