League,team,date,min,role,name,win,hero,kill,death,assist,gold,lasthit,neutralKilled,neutralKilledTJungle,neutralKilledEJungle,totalDamageToChamp,pDamageToChamp,mDamageDealtToChamp,totalHeal,totalDamageTaken,pDamageTaken,mDamageTaken,wardsPlaced,wardsKilled,visionWardsBought
LPL,OMG,2021-02-25,24.116666666666667,Top,New,0,266,1,4,1,7949,182,4,4,0,11320,11320,0,6651,20233,11013,6285,9,2,4
LPL,OMG,2021-02-25,24.116666666666667,Jungle,Aki,0,141,0,1,4,7631,151,126,82,4,4033,3180,468,11977,18637,13918,4014,18,11,3
LPL,OMG,2021-02-25,24.116666666666667,Mid,Wuming,0,13,1,1,2,8494,221,14,14,0,5917,215,5702,1657,6729,4460,1698,10,3,6
LPL,OMG,2021-02-25,24.116666666666667,Bot,Eric,0,360,3,3,0,9437,212,4,4,0,6445,5526,710,2407,10624,6816,2907,9,4,4
LPL,OMG,2021-02-25,24.116666666666667,Support,COLD,0,526,0,2,5,5277,37,0,0,0,3408,482,2513,549,6823,3575,2367,26,5,9
LPL,V5,2021-02-25,24.116666666666667,Top,LANGX,1,14,2,0,7,9293,181,4,1,0,7791,5456,2214,2690,13165,11238,1837,10,5,3
LPL,V5,2021-02-25,24.116666666666667,Jungle,Weiwei,1,876,0,0,9,9345,195,174,114,14,9338,520,5122,12656,21997,16995,4808,8,6,5
LPL,V5,2021-02-25,24.116666666666667,Mid,Mole,1,18,3,2,2,10782,232,20,8,12,9696,6975,1723,3396,9962,4650,4938,7,9,4
LPL,V5,2021-02-25,24.116666666666667,Bot,Trigger,1,145,6,1,2,11306,242,16,12,0,10210,7087,1946,3587,7313,5785,1401,8,11,2
LPL,V5,2021-02-25,24.116666666666667,Support,ppgod,1,79,0,2,9,6127,32,0,0,0,4020,223,3796,3323,8509,6561,1725,30,4,6
LPL,V5,2021-02-25,32.3,Top,LANGX,1,58,2,1,12,12941,257,16,11,1,10429,9424,803,8707,28268,15821,11224,12,10,5
LPL,V5,2021-02-25,32.3,Jungle,Weiwei,1,76,4,1,8,12272,221,182,116,16,13411,398,12408,21891,25553,18696,6793,33,24,7
LPL,V5,2021-02-25,32.3,Mid,Mole,1,142,3,2,8,13141,286,21,19,0,16750,1437,12871,2102,10742,7087,3305,12,9,3
LPL,V5,2021-02-25,32.3,Bot,Trigger,1,498,6,0,5,14686,303,48,29,11,20774,20033,639,1574,9907,5200,4285,14,10,6
LPL,V5,2021-02-25,32.3,Support,ppgod,1,12,2,1,10,7907,30,0,0,0,2343,168,1706,6177,12287,6010,5102,49,9,11
LPL,OMG,2021-02-25,32.3,Top,Alielie,0,150,1,4,3,12287,271,9,5,1,14741,11257,3483,4021,21051,13684,6788,9,8,3
LPL,OMG,2021-02-25,32.3,Jungle,Aki,0,163,0,3,4,10946,234,189,141,8,11684,210,11055,10097,21305,13691,7093,24,14,8
LPL,OMG,2021-02-25,32.3,Mid,Wuming,0,3,1,5,4,9943,230,0,0,0,7567,40,6906,392,19018,11612,5732,11,3,7
LPL,OMG,2021-02-25,32.3,Bot,Eric,0,145,2,4,2,12054,289,20,16,0,10262,5838,3006,3655,14791,8145,6016,26,12,8
LPL,OMG,2021-02-25,32.3,Support,COLD,0,89,1,1,3,7019,46,0,0,0,2458,541,1141,1904,11905,6250,5240,54,16,19
