League,team,date,min,role,name,win,hero,kill,death,assist,gold,lasthit,neutralKilled,neutralKilledTJungle,neutralKilledEJungle,totalDamageToChamp,pDamageToChamp,mDamageDealtToChamp,totalHeal,totalDamageTaken,pDamageTaken,mDamageTaken,wardsPlaced,wardsKilled,visionWardsBought
LPL,RW,2021-02-25,25.7,Top,Ziv,0,79,1,4,3,7911,166,0,0,0,9103,1030,8073,5982,19434,11762,4652,9,2,2
LPL,RW,2021-02-25,25.7,Jungle,Haro,0,36,1,6,3,8155,166,151,114,0,7472,1535,5369,21927,27401,18604,6185,8,9,7
LPL,RW,2021-02-25,25.7,Mid,Forge,0,147,1,4,3,8925,231,8,8,0,6921,651,6270,2090,9938,3653,6093,9,4,4
LPL,RW,2021-02-25,25.7,Bot,Betty,0,360,0,2,0,8850,241,8,8,0,4340,3755,448,1176,9416,5471,3428,8,5,2
LPL,RW,2021-02-25,25.7,Support,kaixuan,0,111,1,4,3,5523,35,0,0,0,3915,730,2435,123,9172,4453,4014,38,9,12
LPL,RNG,2021-02-25,25.7,Top,Xiaohu,1,164,4,1,10,11650,220,10,0,5,11960,7277,911,3547,15365,6806,7648,10,2,5
LPL,RNG,2021-02-25,25.7,Jungle,Wei,1,77,4,1,11,10310,154,136,98,4,8237,2880,4706,13401,26152,18856,7021,13,17,12
LPL,RNG,2021-02-25,25.7,Mid,Cryin,1,4,5,1,10,13260,258,24,13,1,13648,1134,12313,1617,7361,2797,4563,6,4,2
LPL,RNG,2021-02-25,25.7,Bot,GALA,1,18,6,0,8,13607,296,36,16,12,15549,12747,1241,1710,2523,1845,677,10,8,5
LPL,RNG,2021-02-25,25.7,Support,Ming,1,12,1,1,18,7142,27,0,0,0,4187,397,2927,8861,9533,3717,5546,45,8,14
LPL,RNG,2021-02-25,33.71666666666667,Top,Xiaohu,1,164,5,0,4,16421,373,41,11,24,18956,10959,1303,11943,24845,15565,8818,14,9,4
LPL,RNG,2021-02-25,33.71666666666667,Jungle,Wei,1,77,1,4,10,10425,186,137,88,19,5354,1892,2544,8844,23198,15059,7690,19,25,17
LPL,RNG,2021-02-25,33.71666666666667,Mid,Cryin,1,268,2,3,6,13342,310,57,39,1,12234,331,11903,2155,12670,8635,3891,17,4,6
LPL,RNG,2021-02-25,33.71666666666667,Bot,GALA,1,18,5,1,5,15374,355,36,32,0,15003,11405,1470,2587,5246,3766,1360,11,10,4
LPL,RNG,2021-02-25,33.71666666666667,Support,Ming,1,79,1,2,11,8551,46,0,0,0,8450,862,6910,4361,11412,7392,3723,60,14,18
LPL,RW,2021-02-25,33.71666666666667,Top,Ziv,0,14,0,3,2,11235,279,4,0,0,10962,6037,4925,6104,28150,13656,9932,15,4,4
LPL,RW,2021-02-25,33.71666666666667,Jungle,Haro,0,104,4,2,5,13524,250,174,109,12,7451,5489,1317,7409,15580,10676,4416,13,18,11
LPL,RW,2021-02-25,33.71666666666667,Mid,Forge,0,134,0,2,5,11025,260,19,14,0,11126,781,10345,961,8131,4667,3434,15,8,5
LPL,RW,2021-02-25,33.71666666666667,Bot,Betty,0,360,6,3,3,14928,273,22,18,4,9535,7573,1614,4608,15683,9665,4587,10,13,0
LPL,RW,2021-02-25,33.71666666666667,Support,kaixuan,0,12,0,4,6,7364,32,0,0,0,4852,686,3687,2776,14185,6496,3781,61,9,19
