League,team,date,min,role,name,win,hero,kill,death,assist,gold,lasthit,neutralKilled,neutralKilledTJungle,neutralKilledEJungle,totalDamageToChamp,pDamageToChamp,mDamageDealtToChamp,totalHeal,totalDamageTaken,pDamageTaken,mDamageTaken,wardsPlaced,wardsKilled,visionWardsBought
LPL,TT,2021-02-26,38.55,Top,Chelizi,0,58,3,3,9,15708,291,28,10,4,16399,13958,2441,14276,41126,22957,16950,14,11,9
LPL,TT,2021-02-26,38.55,Jungle,Xiaopeng,0,77,5,3,7,14382,240,186,108,27,11142,3911,5945,20610,38550,25922,11461,14,27,15
LPL,TT,2021-02-26,38.55,Mid,Twila,0,134,5,3,4,14780,290,44,32,4,24404,668,23510,4199,18242,7766,10066,10,15,4
LPL,TT,2021-02-26,38.55,Bot,SamD,0,15,4,2,11,17335,403,46,29,10,19088,17833,0,5547,13767,5818,7543,18,16,7
LPL,TT,2021-02-26,38.55,Support,Teeen,0,12,0,8,11,8526,33,0,0,0,5643,546,3703,8220,25735,11529,13025,77,8,24
LPL,JDG,2021-02-26,38.55,Top,Zoom,1,79,4,3,10,13069,252,6,1,0,17812,1537,16274,19415,35593,21885,12203,19,4,5
LPL,JDG,2021-02-26,38.55,Jungle,Kanavi,1,104,5,3,9,13934,253,189,133,4,12969,10829,970,7334,24939,15748,7854,9,27,8
LPL,JDG,2021-02-26,38.55,Mid,Yagao,1,61,3,3,14,14851,286,28,23,1,22187,721,21465,1740,12420,6430,5886,22,7,8
LPL,JDG,2021-02-26,38.55,Bot,LokeN,1,81,6,1,12,18203,372,30,20,10,43470,31415,10321,4845,13767,9168,4324,16,15,6
LPL,JDG,2021-02-26,38.55,Support,LvMao,1,526,1,7,13,8109,32,0,0,0,7245,518,5251,1527,19332,10736,7655,68,6,23
LPL,TT,2021-02-26,32.05,Top,Chelizi,1,164,6,5,9,13542,240,21,11,0,21479,12838,955,4215,22492,12657,7429,16,5,7
LPL,TT,2021-02-26,32.05,Jungle,Xiaopeng,1,113,7,3,13,12719,173,123,82,4,15388,6919,7433,9317,26446,15902,9170,13,18,12
LPL,TT,2021-02-26,32.05,Mid,Twila,1,58,3,2,12,12910,259,21,16,0,11373,9612,1760,10346,30882,17679,10471,8,11,5
LPL,TT,2021-02-26,32.05,Bot,SamD,1,498,10,5,9,17329,359,48,43,0,22934,21039,0,5461,14231,7391,5773,12,18,3
LPL,TT,2021-02-26,32.05,Support,Teeen,1,3,3,6,19,8646,37,4,0,0,10798,105,9744,333,17071,11217,4534,52,6,19
LPL,JDG,2021-02-26,32.05,Top,Zoom,0,150,3,3,10,13711,276,20,5,5,19929,16025,3903,5623,21306,13005,5056,17,6,7
LPL,JDG,2021-02-26,32.05,Jungle,Kanavi,0,77,9,5,8,13953,231,181,144,4,18615,6768,9611,16105,36830,24670,9477,9,20,8
LPL,JDG,2021-02-26,32.05,Mid,Yagao,0,134,6,5,7,13700,260,26,18,0,19536,1873,17423,1795,12642,8652,2022,17,6,6
LPL,JDG,2021-02-26,32.05,Bot,LokeN,0,67,3,6,5,11360,242,16,12,0,17566,11896,0,4195,15978,10007,3717,16,3,8
LPL,JDG,2021-02-26,32.05,Support,LvMao,0,526,0,10,10,7460,34,0,0,0,6907,1318,4836,1170,19874,14360,4095,43,8,14
LPL,JDG,2021-02-26,27.066666666666666,Top,Zoom,1,41,2,0,7,13087,259,12,8,4,12620,9838,2582,3889,12346,8941,3236,13,5,5
LPL,JDG,2021-02-26,27.066666666666666,Jungle,Kanavi,1,36,1,0,7,10121,202,175,112,16,11304,1651,8358,29624,28313,22789,5161,9,10,7
LPL,JDG,2021-02-26,27.066666666666666,Mid,Yagao,1,268,2,0,5,11709,277,28,20,3,14700,43,14657,1944,9642,5083,4432,9,8,5
LPL,JDG,2021-02-26,27.066666666666666,Bot,LokeN,1,202,7,0,1,12996,261,20,4,12,16093,14389,1231,1180,4230,3244,859,13,5,6
LPL,JDG,2021-02-26,27.066666666666666,Support,LvMao,1,79,0,1,10,6981,44,4,0,0,6848,243,6323,4231,8736,4025,4156,37,14,9
LPL,TT,2021-02-26,27.066666666666666,Top,Chelizi,0,150,0,1,1,9753,253,16,12,0,8512,6660,1852,2693,16193,10267,5525,12,4,5
LPL,TT,2021-02-26,27.066666666666666,Jungle,Xiaopeng,0,77,0,2,0,8457,174,147,93,17,2992,1060,1334,13185,27851,17642,9322,6,14,7
LPL,TT,2021-02-26,27.066666666666666,Mid,Twila,0,134,0,4,0,9090,230,16,16,0,8959,297,8662,1846,13511,4959,8409,6,2,1
LPL,TT,2021-02-26,27.066666666666666,Bot,SamD,0,236,1,2,0,10051,259,8,8,0,8832,6956,1502,4907,14439,7131,7030,12,3,5
LPL,TT,2021-02-26,27.066666666666666,Support,Teeen,0,526,0,3,0,5264,33,0,0,0,2283,116,1800,1907,12134,5495,6098,51,10,12
