League,team,date,min,role,name,win,hero,kill,death,assist,gold,lasthit,neutralKilled,neutralKilledTJungle,neutralKilledEJungle,totalDamageToChamp,pDamageToChamp,mDamageDealtToChamp,totalHeal,totalDamageTaken,pDamageTaken,mDamageTaken,wardsPlaced,wardsKilled,visionWardsBought
LPL,EDG,2021-02-26,30.7,Top,Flandre,0,14,0,3,6,10461,244,4,1,0,12033,7793,4240,904,27497,20463,5547,4,10,1
LPL,EDG,2021-02-26,30.7,Jungle,Jiejie,0,120,1,3,4,10003,191,161,120,4,5682,4495,523,16368,30325,19369,10141,10,11,10
LPL,EDG,2021-02-26,30.7,Mid,Scout,0,134,4,1,1,10872,236,22,22,0,19220,640,18579,2858,13238,5110,7856,8,7,5
LPL,EDG,2021-02-26,30.7,Bot,Viper,0,360,3,2,3,12627,317,8,8,0,10094,9153,881,2854,13685,10306,3126,13,17,4
LPL,EDG,2021-02-26,30.7,Support,Meiko,0,12,0,5,6,6304,31,0,0,0,2131,100,1796,3820,15497,6265,6791,47,8,14
LPL,IG,2021-02-26,30.7,Top,TheShy,1,266,1,2,7,12284,285,16,10,1,21360,21360,0,20135,33451,19325,13786,8,5,4
LPL,IG,2021-02-26,30.7,Jungle,XUN,1,876,6,1,7,12702,222,188,122,8,14840,669,9753,12912,24280,17684,6408,28,11,10
LPL,IG,2021-02-26,30.7,Mid,Rookie,1,268,0,2,5,10363,240,33,20,8,17033,487,16546,1760,12241,7496,4689,20,10,14
LPL,IG,2021-02-26,30.7,Bot,Puff,1,498,6,1,5,14201,301,20,16,0,18617,17711,542,2859,8041,6325,1488,11,11,4
LPL,IG,2021-02-26,30.7,Support,Lucas,1,526,1,2,3,6815,27,0,0,0,3383,172,2726,767,7960,4185,3626,48,4,14
LPL,EDG,2021-02-26,40.45,Top,Flandre,0,58,4,6,6,14793,314,25,6,4,15175,12738,2005,12251,44889,18456,24717,11,22,8
LPL,EDG,2021-02-26,40.45,Jungle,Jiejie,0,876,3,3,9,12472,228,186,134,11,11624,623,6952,22086,38762,22809,14487,17,10,16
LPL,EDG,2021-02-26,40.45,Mid,Scout,0,112,4,3,7,16181,352,36,23,8,35240,102,34912,3316,14868,5765,8727,18,3,4
LPL,EDG,2021-02-26,40.45,Bot,Viper,0,81,6,2,7,17732,390,41,35,1,42111,32403,9038,2772,18947,10158,7966,16,18,4
LPL,EDG,2021-02-26,40.45,Support,Meiko,0,12,1,3,12,8812,30,0,0,0,6842,345,5083,8578,21603,10050,9732,69,8,22
LPL,IG,2021-02-26,40.45,Top,TheShy,1,516,1,4,13,12989,254,8,4,0,24249,5864,18385,9632,44752,25502,16504,7,6,4
LPL,IG,2021-02-26,40.45,Jungle,XUN,1,2,2,4,6,12280,192,169,100,14,11933,7434,0,24127,43855,24472,18202,14,14,12
LPL,IG,2021-02-26,40.45,Mid,Rookie,1,268,3,3,11,17044,324,44,28,8,33716,419,33297,5254,18423,9406,8102,13,16,8
LPL,IG,2021-02-26,40.45,Bot,Puff,1,360,10,2,4,21451,417,47,40,7,19066,15903,2303,13052,29164,17121,11449,13,14,3
LPL,IG,2021-02-26,40.45,Support,Lucas,1,526,1,5,13,9642,38,3,3,0,6757,294,5622,3711,19289,9871,8063,65,13,19
