League,team,date,min,role,name,win,hero,kill,death,assist,gold,lasthit,neutralKilled,neutralKilledTJungle,neutralKilledEJungle,totalDamageToChamp,pDamageToChamp,mDamageDealtToChamp,totalHeal,totalDamageTaken,pDamageTaken,mDamageTaken,wardsPlaced,wardsKilled,visionWardsBought
LPL,LGD,2021-02-27,32.4,Top,Cult,1,14,1,0,9,9690,176,0,0,0,7701,4667,3034,3761,14088,7448,6160,13,3,4
LPL,LGD,2021-02-27,32.4,Jungle,Kui,1,2,5,0,7,12976,231,183,105,25,19121,12007,0,22029,29726,21600,7152,10,19,8
LPL,LGD,2021-02-27,32.4,Mid,Uniboy,1,112,4,2,6,13898,302,43,35,4,17453,198,17255,1784,8775,3402,4664,6,2,3
LPL,LGD,2021-02-27,32.4,Bot,Kramer,1,145,3,1,6,14626,286,28,16,4,12149,7624,3820,5076,9696,8032,1556,14,15,3
LPL,LGD,2021-02-27,32.4,Support,peace,1,79,4,0,10,9589,42,6,0,2,9687,1085,7355,7507,13185,7134,5570,50,14,14
LPL,RW,2021-02-27,32.4,Top,Ziv,0,266,0,3,2,9473,219,12,8,0,13106,13010,0,10000,25633,14779,8202,12,11,8
LPL,RW,2021-02-27,32.4,Jungle,Haro,0,77,1,3,2,9603,184,148,104,14,4808,1188,2881,12053,26375,17014,8580,15,15,15
LPL,RW,2021-02-27,32.4,Mid,Forge,0,268,0,3,3,11130,281,12,9,0,14802,629,14138,1935,13807,5807,6805,16,8,8
LPL,RW,2021-02-27,32.4,Bot,Betty,0,360,1,2,1,11283,277,20,16,0,5433,4035,972,2116,12908,7860,3760,10,11,2
LPL,RW,2021-02-27,32.4,Support,kaixuan,0,12,1,6,1,6474,29,0,0,0,4120,236,3281,2619,17080,7079,6850,53,5,18
LPL,RW,2021-02-27,37.4,Top,Ziv,1,58,1,2,14,14779,311,15,8,5,10969,8948,2020,9328,31744,18237,13109,16,19,10
LPL,RW,2021-02-27,37.4,Jungle,Haro,1,876,9,2,5,16361,250,203,106,30,21976,240,16500,15053,29271,20769,7999,17,7,15
LPL,RW,2021-02-27,37.4,Mid,Forge,1,236,3,2,9,17016,350,49,24,10,25942,24173,1768,1884,19036,9921,9065,12,19,8
LPL,RW,2021-02-27,37.4,Bot,Betty,1,81,5,2,6,17592,371,46,34,12,36271,21104,12814,2485,17308,10516,6555,15,8,5
LPL,RW,2021-02-27,37.4,Support,kaixuan,1,12,0,3,4,8013,27,0,0,0,1981,0,1591,6915,14319,7290,6649,66,7,22
LPL,LGD,2021-02-27,37.4,Top,Cult,0,14,2,6,7,12242,266,4,4,0,14727,9163,5563,3283,38683,26073,9221,13,2,5
LPL,LGD,2021-02-27,37.4,Jungle,Kui,0,77,0,2,4,10729,186,142,96,11,2761,715,1474,15335,35324,23780,10063,12,22,11
LPL,LGD,2021-02-27,37.4,Mid,Uniboy,0,268,4,3,6,15284,341,23,18,0,27895,158,27412,2264,15116,7912,6356,11,8,6
LPL,LGD,2021-02-27,37.4,Bot,Kramer,0,222,4,3,5,16713,394,42,40,0,21129,19821,1084,3177,14558,9690,4457,15,17,3
LPL,LGD,2021-02-27,37.4,Support,peace,0,526,1,4,7,8635,35,0,0,0,4206,139,3622,1916,17278,8463,6963,76,12,25
LPL,LGD,2021-02-27,31.2,Top,Cult,1,150,1,0,4,12259,290,30,5,12,9051,7688,1117,1743,9159,7252,1653,12,10,6
LPL,LGD,2021-02-27,31.2,Jungle,Kui,1,77,2,0,7,10807,194,164,112,20,3711,1258,1514,13302,23031,14777,7456,15,19,14
LPL,LGD,2021-02-27,31.2,Mid,Uniboy,1,112,0,0,7,11555,298,24,24,0,11891,370,10376,2023,7182,3081,4101,8,8,2
LPL,LGD,2021-02-27,31.2,Bot,Kramer,1,236,8,0,4,16793,352,40,20,9,16705,13535,1375,1911,8232,5630,2576,14,12,3
LPL,LGD,2021-02-27,31.2,Support,peace,1,147,1,0,10,7885,24,0,0,0,4265,781,3403,3652,3818,1919,1899,50,15,13
LPL,RW,2021-02-27,31.2,Top,Ziv,0,41,0,2,0,10779,243,16,12,0,10183,5166,4763,3260,11869,8541,2658,12,2,3
LPL,RW,2021-02-27,31.2,Jungle,Haro,0,104,0,2,0,10076,197,161,111,5,1469,1013,401,6494,14612,8993,4996,9,11,7
LPL,RW,2021-02-27,31.2,Mid,Forge,0,268,0,2,0,11502,300,20,20,0,7205,44,7160,2300,11377,6457,4347,16,3,6
LPL,RW,2021-02-27,31.2,Bot,Betty,0,18,0,1,0,12060,319,20,8,8,6668,5191,1120,4333,13169,8811,3657,23,10,3
LPL,RW,2021-02-27,31.2,Support,kaixuan,0,89,0,5,0,6046,24,0,0,0,1586,264,910,693,13372,7655,4077,44,5,14
