League,team,date,min,role,name,win,hero,kill,death,assist,gold,lasthit,neutralKilled,neutralKilledTJungle,neutralKilledEJungle,totalDamageToChamp,pDamageToChamp,mDamageDealtToChamp,totalHeal,totalDamageTaken,pDamageTaken,mDamageTaken,wardsPlaced,wardsKilled,visionWardsBought
LPL,ES,2021-02-27,22.683333333333334,Top,zs,0,164,0,1,1,7447,186,0,0,0,4632,3655,327,1911,11183,7935,2226,7,3,2
LPL,ES,2021-02-27,22.683333333333334,Jungle,H4cker,0,120,1,3,1,7233,145,123,95,0,2743,1799,687,11439,23726,16228,6164,3,10,3
LPL,ES,2021-02-27,22.683333333333334,Mid,irma,0,147,1,3,1,6169,132,4,4,0,8293,1482,6733,2319,8040,5091,2342,14,1,7
LPL,ES,2021-02-27,22.683333333333334,Bot,rat,0,145,0,4,0,7430,166,1,0,0,6132,4227,1496,3240,13093,8675,3292,9,4,3
LPL,ES,2021-02-27,22.683333333333334,Support,ShiauC,0,412,0,6,1,4614,34,0,0,0,1969,319,1650,304,12046,5830,5275,24,6,12
LPL,TES,2021-02-27,22.683333333333334,Top,369,1,24,3,0,2,10065,192,12,4,8,9245,7024,2220,4095,13315,9911,2782,8,3,2
LPL,TES,2021-02-27,22.683333333333334,Jungle,Karsa,1,2,3,1,7,9215,154,135,93,4,6601,4902,0,13215,17806,13136,4670,8,6,7
LPL,TES,2021-02-27,22.683333333333334,Mid,knight,1,517,1,1,9,9308,207,20,8,12,8402,0,8402,4883,11948,7397,4069,7,6,4
LPL,TES,2021-02-27,22.683333333333334,Bot,JackeyLove,1,18,7,0,5,13157,247,21,4,13,19116,15191,1013,4012,9436,8113,1032,9,10,5
LPL,TES,2021-02-27,22.683333333333334,Support,Zhuo,1,79,3,0,11,7013,32,0,0,0,6374,592,5364,2966,5902,4071,1831,31,7,10
LPL,TES,2021-02-27,28.066666666666666,Top,369,1,236,1,2,11,12736,281,29,16,4,17714,16553,1161,2394,14443,10637,2761,13,9,5
LPL,TES,2021-02-27,28.066666666666666,Jungle,Karsa,1,72,1,0,10,9929,155,137,93,2,2951,1382,1245,10013,16809,12609,3324,11,6,10
LPL,TES,2021-02-27,28.066666666666666,Mid,knight,1,79,6,1,5,11668,216,18,4,10,16091,1306,14556,6823,13532,8968,2750,6,3,2
LPL,TES,2021-02-27,28.066666666666666,Bot,JackeyLove,1,429,6,3,4,13861,273,22,11,1,11127,10545,441,3022,12151,7557,2255,9,12,4
LPL,TES,2021-02-27,28.066666666666666,Support,Zhuo,1,111,1,1,9,7281,44,0,0,0,3896,763,2630,1665,10010,5078,3033,45,16,15
LPL,ES,2021-02-27,28.066666666666666,Top,zs,0,150,1,2,3,10656,225,12,9,0,8384,7258,1126,2737,16771,12415,4182,13,5,4
LPL,ES,2021-02-27,28.066666666666666,Jungle,H4cker,0,876,4,4,0,11438,236,167,121,8,10023,322,6628,9720,22186,15077,6775,6,4,4
LPL,ES,2021-02-27,28.066666666666666,Mid,irma,0,875,0,4,1,8093,177,0,0,0,7072,4665,681,1328,16928,11058,5730,10,7,6
LPL,ES,2021-02-27,28.066666666666666,Bot,rat,0,523,2,3,1,10681,253,27,25,0,9281,7874,774,3997,10640,7117,3404,11,9,5
LPL,ES,2021-02-27,28.066666666666666,Support,ShiauC,0,412,0,2,5,6263,34,0,0,0,3451,433,2475,476,9379,5299,3651,44,11,14
