League,team,date,min,role,name,win,hero,kill,death,assist,gold,lasthit,neutralKilled,neutralKilledTJungle,neutralKilledEJungle,totalDamageToChamp,pDamageToChamp,mDamageDealtToChamp,totalHeal,totalDamageTaken,pDamageTaken,mDamageTaken,wardsPlaced,wardsKilled,visionWardsBought
LPL,RNG,2021-02-27,41.13333333333333,Top,Xiaohu,1,150,0,1,10,14945,328,17,10,0,9287,6721,2565,6684,27971,15468,10526,20,11,8
LPL,RNG,2021-02-27,41.13333333333333,Jungle,Wei,1,104,6,3,9,13718,194,168,125,2,16927,12947,2446,9248,22588,16512,5694,14,20,13
LPL,RNG,2021-02-27,41.13333333333333,Mid,Cryin,1,268,1,2,12,16314,388,32,23,2,33061,337,32724,3750,14510,9297,4575,17,11,4
LPL,RNG,2021-02-27,41.13333333333333,Bot,GALA,1,145,9,1,6,20345,409,37,33,0,23235,14678,5975,8177,18076,13871,3990,12,23,4
LPL,RNG,2021-02-27,41.13333333333333,Support,Ming,1,12,0,2,14,9043,39,0,0,0,5734,408,4015,14076,20700,12455,7236,90,14,29
LPL,FPX,2021-02-27,41.13333333333333,Top,Nuguri,0,126,4,5,1,17041,367,36,24,4,28099,26012,2086,5251,18693,11409,6124,16,14,9
LPL,FPX,2021-02-27,41.13333333333333,Jungle,Beichuan,0,876,2,1,5,14307,300,251,161,35,24389,251,20968,17523,30768,19961,10455,11,5,10
LPL,FPX,2021-02-27,41.13333333333333,Mid,Doinb,0,14,0,2,4,13270,300,15,6,1,6857,3670,3187,5949,42490,16844,23119,23,6,6
LPL,FPX,2021-02-27,41.13333333333333,Bot,Lwx,0,360,3,2,5,18481,403,63,41,12,14434,12513,1223,6849,19261,11425,7334,12,14,5
LPL,FPX,2021-02-27,41.13333333333333,Support,Crisp,0,526,0,6,8,9136,39,0,0,0,2670,147,2170,838,15956,7632,7438,78,14,25
LPL,RNG,2021-02-27,30.116666666666667,Top,Xiaohu,1,14,3,2,20,12765,229,34,17,4,11900,6143,5756,2542,21446,12458,8555,13,8,7
LPL,RNG,2021-02-27,30.116666666666667,Jungle,Wei,1,104,8,2,13,14075,207,148,95,16,20644,17588,1717,5333,16480,11791,4388,16,13,12
LPL,RNG,2021-02-27,30.116666666666667,Mid,Cryin,1,61,2,2,17,12316,240,34,13,8,11733,588,11089,111,11232,6108,5124,13,8,5
LPL,RNG,2021-02-27,30.116666666666667,Bot,GALA,1,145,13,1,5,16451,277,43,26,9,19228,12182,4542,8150,15180,8959,5835,12,12,6
LPL,RNG,2021-02-27,30.116666666666667,Support,Ming,1,12,1,1,22,8624,34,0,0,0,9158,1251,7099,14487,16484,8350,7970,52,9,13
LPL,FPX,2021-02-27,30.116666666666667,Top,Nuguri,0,58,3,7,4,11694,236,8,1,0,15099,12595,2503,6737,30687,18075,10325,6,7,3
LPL,FPX,2021-02-27,30.116666666666667,Jungle,Beichuan,0,120,1,5,3,9138,190,152,111,11,4953,3224,1469,13459,28960,21444,7052,9,14,9
LPL,FPX,2021-02-27,30.116666666666667,Mid,Doinb,0,112,1,4,6,12062,276,18,18,0,22966,141,22728,676,9993,4724,5001,14,5,3
LPL,FPX,2021-02-27,30.116666666666667,Bot,Lwx,0,360,3,6,2,10443,249,16,12,0,10361,9203,794,3275,17092,10755,5696,14,11,6
LPL,FPX,2021-02-27,30.116666666666667,Support,Crisp,0,526,0,5,5,6063,30,0,0,0,2620,49,2010,843,13441,7448,4947,55,11,17
