League,team,date,min,role,name,win,hero,kill,death,assist,gold,lasthit,neutralKilled,neutralKilledTJungle,neutralKilledEJungle,totalDamageToChamp,pDamageToChamp,mDamageDealtToChamp,totalHeal,totalDamageTaken,pDamageTaken,mDamageTaken,wardsPlaced,wardsKilled,visionWardsBought
LPL,V5,2021-02-28,29.483333333333334,Top,LANGX,0,164,3,3,1,11414,244,12,4,0,5934,4086,528,2642,17184,11234,5428,8,3,3
LPL,V5,2021-02-28,29.483333333333334,Jungle,Weiwei,0,141,1,4,1,9534,205,175,137,3,8316,7278,580,14773,27367,20819,6095,21,8,10
LPL,V5,2021-02-28,29.483333333333334,Mid,Mole,0,147,0,3,2,9164,238,4,4,0,7743,420,7322,3122,10985,7073,3769,8,10,3
LPL,V5,2021-02-28,29.483333333333334,Bot,Trigger,0,145,0,4,1,10781,289,28,21,0,8816,5004,2907,2500,11522,9757,1590,12,4,2
LPL,V5,2021-02-28,29.483333333333334,Support,ppgod,0,98,0,4,1,5998,41,0,0,0,1833,1292,541,231,11449,6243,4849,46,17,10
LPL,LNG,2021-02-28,29.483333333333334,Top,Ale,1,150,1,2,6,10999,222,21,14,0,10394,8840,1320,5544,14708,10887,2895,10,6,2
LPL,LNG,2021-02-28,29.483333333333334,Jungle,Tarzan,1,104,4,1,6,11173,201,171,101,8,4515,3658,542,8998,15087,11203,3375,4,10,5
LPL,LNG,2021-02-28,29.483333333333334,Mid,icon,1,268,0,1,7,12169,312,24,21,0,12790,0,12790,2965,8334,5782,2537,12,6,4
LPL,LNG,2021-02-28,29.483333333333334,Bot,Light,1,360,13,0,3,16438,277,28,24,4,19467,16246,2652,4722,12772,8133,3644,11,4,3
LPL,LNG,2021-02-28,29.483333333333334,Support,Iwandy,1,89,0,0,10,7331,42,0,0,0,2598,516,1552,2025,8056,4908,2908,45,13,15
LPL,V5,2021-02-28,25.766666666666666,Top,LANGX,0,106,0,2,1,7953,200,8,3,0,7794,4251,3543,1368,12435,8631,2483,12,2,4
LPL,V5,2021-02-28,25.766666666666666,Jungle,Weiwei,0,77,1,1,0,8541,182,160,109,4,5503,1662,3197,10222,19575,14906,4027,9,11,8
LPL,V5,2021-02-28,25.766666666666666,Mid,Mole,0,268,0,2,1,9416,230,16,8,5,11714,35,11678,1985,9399,7321,1880,7,5,2
LPL,V5,2021-02-28,25.766666666666666,Bot,Trigger,0,360,0,3,0,8250,218,4,4,0,8053,7649,403,2641,12357,10388,1273,11,8,5
LPL,V5,2021-02-28,25.766666666666666,Support,ppgod,0,526,0,4,0,4937,31,0,0,0,3536,294,2680,1014,8779,6632,1974,28,11,6
LPL,LNG,2021-02-28,25.766666666666666,Top,Ale,1,58,2,0,8,11310,226,20,8,8,9433,8310,1122,7552,20619,13365,7002,7,5,2
LPL,LNG,2021-02-28,25.766666666666666,Jungle,Tarzan,1,2,1,1,4,8913,172,144,98,4,8205,5953,121,15375,25645,19356,6065,4,9,4
LPL,LNG,2021-02-28,25.766666666666666,Mid,icon,1,147,2,0,7,9280,181,4,4,0,4638,765,3873,5628,9401,3620,5442,9,1,4
LPL,LNG,2021-02-28,25.766666666666666,Bot,Light,1,498,7,0,4,12951,262,28,16,8,13200,12068,827,3327,7088,4223,2822,10,7,4
LPL,LNG,2021-02-28,25.766666666666666,Support,Iwandy,1,497,0,0,11,7149,19,0,0,0,5534,1141,3801,4113,7276,3749,3177,63,14,10
