League,team,date,min,role,name,win,hero,kill,death,assist,gold,lasthit,neutralKilled,neutralKilledTJungle,neutralKilledEJungle,totalDamageToChamp,pDamageToChamp,mDamageDealtToChamp,totalHeal,totalDamageTaken,pDamageTaken,mDamageTaken,wardsPlaced,wardsKilled,visionWardsBought
LPL,RA,2021-02-28,35.0,Top,Cube,1,14,0,1,4,12073,261,11,3,0,11409,6278,4780,1552,18163,13347,2481,20,2,8
LPL,RA,2021-02-28,35.0,Jungle,Leyan,1,76,3,1,5,14775,296,251,133,38,20321,633,18373,25687,32036,24111,7022,42,26,7
LPL,RA,2021-02-28,35.0,Mid,FoFo,1,236,5,1,7,17872,369,44,40,0,26795,22338,4456,1696,11292,6713,3905,14,20,5
LPL,RA,2021-02-28,35.0,Bot,iBoy,1,145,5,2,2,16961,349,42,23,8,14785,8542,4148,7733,15591,12165,2470,13,6,3
LPL,RA,2021-02-28,35.0,Support,Hang,1,12,4,0,8,9828,31,0,0,0,4946,559,3228,5135,15372,7202,6438,67,8,14
LPL,OMG,2021-02-28,35.0,Top,New,0,266,0,2,4,12058,312,18,11,0,8086,8086,0,7746,25054,15733,7449,13,15,9
LPL,OMG,2021-02-28,35.0,Jungle,Aki,0,2,1,2,3,10863,228,157,130,0,7622,3772,0,15602,32939,20739,10494,9,24,8
LPL,OMG,2021-02-28,35.0,Mid,Wuming,0,134,1,8,1,10857,265,12,12,0,10211,396,9815,2161,19548,10293,8898,20,7,10
LPL,OMG,2021-02-28,35.0,Bot,Eric,0,15,2,2,2,14752,348,26,23,0,18134,16050,0,2137,9325,5781,3010,17,18,8
LPL,OMG,2021-02-28,35.0,Support,COLD,0,79,1,3,2,7180,23,0,0,0,7435,232,6537,6975,15341,6356,8534,51,15,22
LPL,OMG,2021-02-28,40.7,Top,New,1,14,3,2,8,13809,244,10,7,0,14078,6815,7082,2696,38994,21358,16676,21,2,8
LPL,OMG,2021-02-28,40.7,Jungle,Aki,1,141,6,5,3,16619,316,228,160,16,24221,19672,3458,21023,37407,21388,15295,36,28,12
LPL,OMG,2021-02-28,40.7,Mid,Wuming,1,3,0,3,10,12629,273,16,8,0,20301,166,19498,2238,20110,10288,7229,15,5,10
LPL,OMG,2021-02-28,40.7,Bot,Eric,1,18,5,1,3,18775,431,43,41,0,25370,19313,2140,6963,16038,7952,6971,36,23,5
LPL,OMG,2021-02-28,40.7,Support,COLD,1,526,2,3,7,9084,33,0,0,0,6312,342,4582,2497,15510,7824,6976,66,8,27
LPL,RA,2021-02-28,40.7,Top,Cube,0,150,6,2,3,18155,378,23,11,0,31964,24534,7429,14113,33293,19378,11199,23,15,10
LPL,RA,2021-02-28,40.7,Jungle,Leyan,0,76,5,5,5,15008,298,235,166,20,21156,1291,18801,28011,42755,25441,16207,46,40,6
LPL,RA,2021-02-28,40.7,Mid,FoFo,0,142,2,2,8,13794,297,20,18,0,20216,1933,14853,5106,13806,8419,5096,17,6,3
LPL,RA,2021-02-28,40.7,Bot,iBoy,0,81,1,4,6,16007,395,48,37,1,21380,14873,5804,3392,19511,13361,4765,14,25,4
LPL,RA,2021-02-28,40.7,Support,Hang,0,12,0,3,8,8403,42,0,0,0,2952,181,1868,10582,19762,12968,4993,62,18,18
