League,team,date,min,role,name,win,hero,kill,death,assist,gold,lasthit,neutralKilled,neutralKilledTJungle,neutralKilledEJungle,totalDamageToChamp,pDamageToChamp,mDamageDealtToChamp,totalHeal,totalDamageTaken,pDamageTaken,mDamageTaken,wardsPlaced,wardsKilled,visionWardsBought
LPL,SN,2021-02-28,28.833333333333332,Top,Bin,1,58,4,1,11,13638,242,24,8,8,17372,15809,1467,10793,28282,16757,10476,11,4,6
LPL,SN,2021-02-28,28.833333333333332,Jungle,SofM,1,79,3,0,11,10776,172,159,73,39,10506,977,8965,17431,23780,18824,4553,27,12,4
LPL,SN,2021-02-28,28.833333333333332,Mid,Angel,1,268,5,1,7,13268,285,12,8,4,21303,637,20665,1980,11291,3972,6906,11,6,2
LPL,SN,2021-02-28,28.833333333333332,Bot,huanfeng,1,145,6,0,3,14535,305,44,32,4,14171,8627,2995,3103,9620,6425,2944,15,11,6
LPL,SN,2021-02-28,28.833333333333332,Support,ON,1,12,1,3,9,7161,33,0,0,0,5307,695,3916,6841,11130,4767,5303,38,10,10
LPL,IG,2021-02-28,28.833333333333332,Top,TheShy,0,14,1,6,0,9013,206,5,2,0,12931,6833,6097,3359,36511,19103,14837,7,4,2
LPL,IG,2021-02-28,28.833333333333332,Jungle,XUN,0,876,1,4,3,8532,169,145,89,21,7398,232,4667,8431,20966,13254,7216,7,10,6
LPL,IG,2021-02-28,28.833333333333332,Mid,Rookie,0,112,1,4,2,10139,252,6,3,0,13103,398,12704,2004,12159,2280,9513,13,5,4
LPL,IG,2021-02-28,28.833333333333332,Bot,Puff,0,360,1,2,2,11240,292,16,16,0,7074,6300,716,3340,11907,7031,4529,10,6,3
LPL,IG,2021-02-28,28.833333333333332,Support,Lucas,0,526,1,3,3,6232,37,0,0,0,3672,256,2797,996,9099,4545,4428,53,13,17
LPL,IG,2021-02-28,27.4,Top,TheShy,0,14,2,3,3,10106,238,9,1,0,4646,2777,1761,2256,21601,14000,6517,7,10,3
LPL,IG,2021-02-28,27.4,Jungle,XUN,0,77,3,2,5,8980,144,119,103,0,5728,2448,2737,10107,23065,15743,6476,10,18,10
LPL,IG,2021-02-28,27.4,Mid,Rookie,0,112,3,2,2,10288,238,14,13,0,11507,48,11458,728,8044,3511,4441,9,3,4
LPL,IG,2021-02-28,27.4,Bot,Puff,0,523,0,3,3,9924,271,34,29,0,3849,3362,174,3225,11343,7135,3878,8,12,1
LPL,IG,2021-02-28,27.4,Support,Lucas,0,412,0,3,4,5772,34,0,0,0,1719,234,1484,497,8863,5785,2615,44,9,18
LPL,SN,2021-02-28,27.4,Top,Bin,1,126,1,4,2,11040,235,22,10,0,14086,11426,2660,2779,11250,5891,5068,17,1,8
LPL,SN,2021-02-28,27.4,Jungle,SofM,1,2,2,0,6,10141,188,156,99,8,8391,6045,0,13491,19674,14551,4923,17,12,11
LPL,SN,2021-02-28,27.4,Mid,Angel,1,268,4,3,1,12007,264,16,13,0,14652,891,13761,1100,9597,4107,5169,15,6,7
LPL,SN,2021-02-28,27.4,Bot,huanfeng,1,360,5,0,6,12327,262,24,24,0,9540,7617,1634,2237,7848,4909,2938,11,9,2
LPL,SN,2021-02-28,27.4,Support,ON,1,526,1,1,9,7286,33,4,0,0,4337,479,3679,287,5727,3239,2334,42,8,10
