League,team,date,min,role,name,win,hero,kill,death,assist,gold,lasthit,neutralKilled,neutralKilledTJungle,neutralKilledEJungle,totalDamageToChamp,pDamageToChamp,mDamageDealtToChamp,totalHeal,totalDamageTaken,pDamageTaken,mDamageTaken,wardsPlaced,wardsKilled,visionWardsBought
LPL,RW,2021-03-01,27.366666666666667,Top,Ziv,0,150,1,3,2,8393,191,4,1,0,6316,5500,816,2465,17939,9744,6921,8,6,6
LPL,RW,2021-03-01,27.366666666666667,Jungle,Haro,0,876,2,2,2,8554,157,140,110,6,10643,576,6776,9988,22649,15026,7199,10,4,6
LPL,RW,2021-03-01,27.366666666666667,Mid,Forge,0,777,1,3,0,8283,188,12,9,0,5910,3056,1791,2709,16715,7921,8421,8,7,3
LPL,RW,2021-03-01,27.366666666666667,Bot,Betty,0,145,0,2,6,9893,240,12,9,0,7943,5739,1884,4510,11769,8121,3277,20,7,3
LPL,RW,2021-03-01,27.366666666666667,Support,kaixuan,0,147,2,1,4,6413,13,0,0,0,5865,965,4899,3843,7080,3821,3022,40,7,13
LPL,EDG,2021-03-01,27.366666666666667,Top,Flandre,1,41,1,1,6,10897,214,4,4,0,11455,7835,3340,4583,10795,6330,4035,5,3,1
LPL,EDG,2021-03-01,27.366666666666667,Jungle,Jiejie,1,77,2,2,7,10307,181,157,92,7,4440,1268,2947,16864,28255,16288,7209,13,16,10
LPL,EDG,2021-03-01,27.366666666666667,Mid,Scout,1,61,5,0,6,12678,263,44,32,8,17550,1412,16138,2776,8486,4710,2214,13,9,3
LPL,EDG,2021-03-01,27.366666666666667,Bot,Viper,1,523,3,1,4,12304,257,18,14,0,16360,12842,1344,2805,7999,5908,1719,10,7,2
LPL,EDG,2021-03-01,27.366666666666667,Support,Meiko,1,412,0,2,9,6893,31,0,0,0,1544,102,1442,926,6464,2490,3422,39,9,10
LPL,RW,2021-03-01,38.65,Top,Ziv,0,58,4,3,5,13061,282,23,13,0,12700,10823,1877,16227,38320,22556,14343,14,11,8
LPL,RW,2021-03-01,38.65,Jungle,Haro,0,30,5,4,10,13539,254,198,145,13,25776,100,25175,19828,32794,21762,10041,9,10,9
LPL,RW,2021-03-01,38.65,Mid,Forge,0,236,3,5,7,15398,320,16,12,0,17592,14947,2644,6352,24107,13035,9664,17,23,11
LPL,RW,2021-03-01,38.65,Bot,Betty,0,81,4,4,9,14310,325,25,18,0,24156,16994,6158,7977,20546,12288,7113,18,15,6
LPL,RW,2021-03-01,38.65,Support,kaixuan,0,12,0,5,11,7435,34,0,0,0,8004,299,6357,12526,27948,14590,11558,71,12,22
LPL,EDG,2021-03-01,38.65,Top,Flandre,1,150,6,1,6,18119,340,30,7,17,35239,27092,5846,9686,29883,17891,11427,6,20,4
LPL,EDG,2021-03-01,38.65,Jungle,Jiejie,1,163,4,3,11,14344,227,201,120,26,17242,542,15388,13777,26203,17432,8122,50,13,23
LPL,EDG,2021-03-01,38.65,Mid,Scout,1,13,3,2,8,15522,326,61,44,5,14855,147,13723,5560,19312,11787,6858,19,9,5
LPL,EDG,2021-03-01,38.65,Bot,Viper,1,360,7,3,10,18002,341,30,27,0,25998,21623,3708,7861,24724,14062,10440,14,13,3
LPL,EDG,2021-03-01,38.65,Support,Meiko,1,526,1,7,17,9777,34,0,0,0,10548,429,8621,1595,20995,10896,9346,61,11,17
