League,team,date,min,role,name,win,hero,kill,death,assist,gold,lasthit,neutralKilled,neutralKilledTJungle,neutralKilledEJungle,totalDamageToChamp,pDamageToChamp,mDamageDealtToChamp,totalHeal,totalDamageTaken,pDamageTaken,mDamageTaken,wardsPlaced,wardsKilled,visionWardsBought
LPL,FPX,2021-03-01,23.633333333333333,Top,Nuguri,1,150,1,1,6,9252,203,16,11,0,15524,13924,1600,6178,15822,12428,2746,8,5,3
LPL,FPX,2021-03-01,23.633333333333333,Jungle,Beichuan,1,876,4,1,5,10026,198,162,94,44,12102,497,9115,12451,22277,18072,3869,8,4,6
LPL,FPX,2021-03-01,23.633333333333333,Mid,Doinb,1,240,2,0,9,10672,215,16,1,4,10235,10235,0,5388,21725,15915,4583,12,5,3
LPL,FPX,2021-03-01,23.633333333333333,Bot,Lwx,1,18,5,2,3,12522,238,24,20,4,9842,6811,1072,2622,7715,5427,1733,9,4,1
LPL,FPX,2021-03-01,23.633333333333333,Support,Crisp,1,526,1,1,9,6208,30,0,0,0,3789,308,3035,697,3852,3426,327,34,11,11
LPL,JDG,2021-03-01,23.633333333333333,Top,Zoom,0,58,0,3,1,7482,192,2,0,0,9039,7975,1063,5205,22802,14162,6461,8,3,3
LPL,JDG,2021-03-01,23.633333333333333,Jungle,Kanavi,0,141,2,1,3,8735,148,124,80,4,5860,4827,560,11127,18262,14784,3254,14,6,4
LPL,JDG,2021-03-01,23.633333333333333,Mid,Yagao,0,142,0,2,3,8157,184,4,1,1,9730,1621,7289,656,9073,7534,1183,11,3,3
LPL,JDG,2021-03-01,23.633333333333333,Bot,LokeN,0,498,2,2,1,8416,197,5,5,0,8128,7515,0,1109,8197,4909,2528,10,4,5
LPL,JDG,2021-03-01,23.633333333333333,Support,LvMao,0,875,1,5,2,5262,42,0,0,0,4449,3493,0,339,10450,5551,3523,30,11,11
LPL,JDG,2021-03-01,25.45,Top,Zoom,0,266,3,5,1,8407,176,9,1,0,11215,11215,0,8166,28564,16338,12068,11,4,3
LPL,JDG,2021-03-01,25.45,Jungle,Kanavi,0,104,2,4,4,8481,152,129,98,4,9532,7529,1154,6421,17514,9583,7642,8,8,7
LPL,JDG,2021-03-01,25.45,Mid,Yagao,0,134,4,5,2,8771,162,6,6,0,14347,1643,12703,13,13095,7349,5506,12,2,3
LPL,JDG,2021-03-01,25.45,Bot,LokeN,0,523,0,6,3,9387,233,3,3,0,9611,9267,343,3180,13490,7873,5215,8,11,3
LPL,JDG,2021-03-01,25.45,Support,LvMao,0,412,0,6,6,5632,30,0,0,0,2276,339,1936,609,11053,5636,5170,37,5,13
LPL,FPX,2021-03-01,25.45,Top,Nuguri,1,150,4,1,9,11759,220,11,1,5,16201,13977,2223,6746,15480,13034,2243,12,4,4
LPL,FPX,2021-03-01,25.45,Jungle,Beichuan,1,30,3,3,15,11172,207,174,106,21,21263,123,20672,11139,21620,17475,3987,6,1,5
LPL,FPX,2021-03-01,25.45,Mid,Doinb,1,56,6,3,9,11833,215,24,20,0,13141,11856,1284,7481,22203,13216,8779,14,5,5
LPL,FPX,2021-03-01,25.45,Bot,Lwx,1,145,9,1,10,12930,235,16,12,1,14339,10085,3841,5940,11208,8637,2540,14,8,5
LPL,FPX,2021-03-01,25.45,Support,Crisp,1,526,4,1,17,7842,28,0,0,0,7540,787,6300,1434,10085,7223,2612,32,6,13
