League,team,date,min,role,name,win,hero,kill,death,assist,gold,lasthit,neutralKilled,neutralKilledTJungle,neutralKilledEJungle,totalDamageToChamp,pDamageToChamp,mDamageDealtToChamp,totalHeal,totalDamageTaken,pDamageTaken,mDamageTaken,wardsPlaced,wardsKilled,visionWardsBought
LPL,SN,2021-03-02,32.516666666666666,Top,Bin,1,41,4,3,7,16327,320,16,7,0,25042,16457,4544,6016,20926,13801,6131,10,3,6
LPL,SN,2021-03-02,32.516666666666666,Jungle,SofM,1,77,4,1,7,12406,212,187,117,25,10775,4568,5128,15768,29800,21072,7162,21,21,15
LPL,SN,2021-03-02,32.516666666666666,Mid,Angel,1,61,0,1,11,12733,285,20,13,4,14240,452,13788,2022,8170,4270,3363,14,3,3
LPL,SN,2021-03-02,32.516666666666666,Bot,huanfeng,1,145,7,1,3,15601,348,43,28,4,15902,10916,3579,5913,11236,9795,1441,13,15,3
LPL,SN,2021-03-02,32.516666666666666,Support,ON,1,79,0,3,9,7840,45,1,0,0,11297,603,9883,4641,11221,5812,3899,52,18,16
LPL,TT,2021-03-02,32.516666666666666,Top,Chelizi,0,14,2,1,1,11607,276,5,5,0,7980,4683,3297,3708,24746,13274,8097,16,4,8
LPL,TT,2021-03-02,32.516666666666666,Jungle,Xiaopeng,0,2,3,5,3,10978,214,190,134,8,11015,7877,0,20240,36727,22986,12074,9,13,11
LPL,TT,2021-03-02,32.516666666666666,Mid,Twila,0,134,0,4,3,10336,260,4,4,0,11160,1086,10073,2727,15893,8073,6940,13,4,7
LPL,TT,2021-03-02,32.516666666666666,Bot,SamD,0,360,4,3,1,13307,307,12,12,0,12145,10497,1425,5472,15491,8182,6654,17,18,7
LPL,TT,2021-03-02,32.516666666666666,Support,Teeen,0,526,0,2,6,6811,31,0,0,0,6509,976,4290,2212,14417,7089,6567,65,9,22
LPL,TT,2021-03-02,23.466666666666665,Top,Chelizi,0,150,0,3,0,7424,187,6,3,0,5933,5395,538,1209,13195,7414,4608,10,3,4
LPL,TT,2021-03-02,23.466666666666665,Jungle,Xiaopeng,0,876,0,2,0,7076,158,135,105,8,5202,236,3390,13042,26191,17015,8526,7,8,7
LPL,TT,2021-03-02,23.466666666666665,Mid,Twila,0,268,0,1,0,8198,215,4,0,4,11008,1569,9439,1056,9953,3834,5874,9,3,2
LPL,TT,2021-03-02,23.466666666666665,Bot,SamD,0,235,0,5,0,5559,32,1,0,0,5990,5735,0,6277,10548,4335,5888,19,15,7
LPL,TT,2021-03-02,23.466666666666665,Support,Teeen,0,223,0,3,0,6257,140,0,0,0,2570,550,2020,2591,15773,9533,5760,14,1,7
LPL,SN,2021-03-02,23.466666666666665,Top,Bin,1,41,1,0,6,12423,233,32,23,4,10831,7562,2127,3192,11172,8437,2607,10,1,4
LPL,SN,2021-03-02,23.466666666666665,Jungle,SofM,1,77,4,0,2,10541,193,165,91,17,8508,3431,4162,14596,27064,20358,6194,10,11,8
LPL,SN,2021-03-02,23.466666666666665,Mid,Angel,1,38,4,0,2,11143,227,2,0,2,13542,856,12685,5940,16089,8290,6983,8,4,6
LPL,SN,2021-03-02,23.466666666666665,Bot,huanfeng,1,145,4,0,2,10513,223,8,0,0,9966,6699,2790,3178,6536,4954,1441,10,13,3
LPL,SN,2021-03-02,23.466666666666665,Support,ON,1,147,1,1,6,6553,13,0,0,0,9012,1708,6965,3806,6027,4277,1514,30,4,8
