League,team,date,min,role,name,win,hero,kill,death,assist,gold,lasthit,neutralKilled,neutralKilledTJungle,neutralKilledEJungle,totalDamageToChamp,pDamageToChamp,mDamageDealtToChamp,totalHeal,totalDamageTaken,pDamageTaken,mDamageTaken,wardsPlaced,wardsKilled,visionWardsBought
LPL,BLG,2021-03-02,27.566666666666666,Top,Biubiu,0,14,0,3,3,8150,185,9,5,0,11726,6873,4853,3703,29841,20201,7842,14,2,7
LPL,BLG,2021-03-02,27.566666666666666,Jungle,Meteor,0,77,1,1,4,9129,171,144,109,0,5805,2023,3158,11101,24502,14003,8562,9,15,8
LPL,BLG,2021-03-02,27.566666666666666,Mid,Zeka,0,245,4,1,1,10814,234,12,8,0,14623,2016,12531,9757,23634,9615,13042,21,7,6
LPL,BLG,2021-03-02,27.566666666666666,Bot,Aiming,0,360,0,6,5,9600,214,17,17,0,15383,13443,1470,4148,19706,14192,4591,7,4,0
LPL,BLG,2021-03-02,27.566666666666666,Support,Jwei,0,12,0,6,4,5680,34,0,0,0,4024,182,3182,5647,19203,10843,6453,44,6,19
LPL,IG,2021-03-02,27.566666666666666,Top,TheShy,1,266,3,1,11,12357,259,36,13,8,26312,26312,0,19265,31563,21386,9594,7,4,4
LPL,IG,2021-03-02,27.566666666666666,Jungle,XUN,1,2,4,2,8,10607,166,135,93,8,15348,10157,9,14447,25467,16949,8171,9,10,8
LPL,IG,2021-03-02,27.566666666666666,Mid,Rookie,1,268,2,0,13,12102,279,20,16,0,34325,489,33835,3086,13932,9836,3681,12,21,8
LPL,IG,2021-03-02,27.566666666666666,Bot,Puff,1,429,8,1,6,13121,272,32,24,0,16400,14727,454,3511,9634,6828,2597,13,11,6
LPL,IG,2021-03-02,27.566666666666666,Support,Lucas,1,526,0,1,13,6935,37,0,0,0,6141,493,4508,2073,9440,5171,3991,48,16,20
LPL,BLG,2021-03-02,30.683333333333334,Top,Biubiu,0,14,3,4,4,10874,210,4,1,0,22670,12153,10337,2769,39174,21608,12727,20,1,12
LPL,BLG,2021-03-02,30.683333333333334,Jungle,Meteor,0,77,3,2,6,11408,224,183,124,16,7536,2342,4496,13056,30146,19604,7685,13,13,10
LPL,BLG,2021-03-02,30.683333333333334,Mid,Zeka,0,245,4,2,3,13175,286,12,12,0,18806,2454,16352,9078,25562,10638,13898,6,10,2
LPL,BLG,2021-03-02,30.683333333333334,Bot,Aiming,0,523,0,7,5,10738,251,20,16,0,12632,10981,548,2807,14142,7158,6312,11,10,3
LPL,BLG,2021-03-02,30.683333333333334,Support,Jwei,0,412,0,4,6,6522,31,0,0,0,4649,706,3943,1215,13425,8472,4638,49,5,16
LPL,IG,2021-03-02,30.683333333333334,Top,TheShy,1,79,1,4,8,12119,242,12,8,0,20284,3841,16443,15852,30780,18004,12038,9,1,5
LPL,IG,2021-03-02,30.683333333333334,Jungle,XUN,1,2,9,3,8,13888,184,144,85,9,23581,14874,291,19935,36783,26710,9358,11,11,10
LPL,IG,2021-03-02,30.683333333333334,Mid,Rookie,1,268,2,1,10,13575,293,26,15,4,22103,522,21581,5261,16186,10431,5554,12,11,9
LPL,IG,2021-03-02,30.683333333333334,Bot,Puff,1,429,6,1,8,14598,321,39,25,2,25427,24260,826,6450,18306,10524,7650,11,14,3
LPL,IG,2021-03-02,30.683333333333334,Support,Lucas,1,89,1,1,12,7921,37,0,0,0,5167,1145,3071,1511,10024,5104,4722,49,16,15
