League,team,date,min,role,name,win,hero,kill,death,assist,gold,lasthit,neutralKilled,neutralKilledTJungle,neutralKilledEJungle,totalDamageToChamp,pDamageToChamp,mDamageDealtToChamp,totalHeal,totalDamageTaken,pDamageTaken,mDamageTaken,wardsPlaced,wardsKilled,visionWardsBought
LPL,ES,2021-03-03,34.016666666666666,Top,zs,0,150,2,3,5,12554,280,17,14,0,15649,11951,3698,4855,23588,15868,6897,15,12,8
LPL,ES,2021-03-03,34.016666666666666,Jungle,H4cker,0,2,3,1,2,11136,198,162,114,0,5338,4044,0,16652,27377,18403,8631,14,21,14
LPL,ES,2021-03-03,34.016666666666666,Mid,Insulator,0,268,1,2,1,12340,307,20,17,0,8156,186,7969,3615,13858,8135,4844,19,10,12
LPL,ES,2021-03-03,34.016666666666666,Bot,rat,0,236,2,2,4,13391,320,27,22,0,8709,7225,1064,5791,13747,8301,5025,13,14,4
LPL,ES,2021-03-03,34.016666666666666,Support,ShiauC,0,12,1,6,4,7106,40,0,0,0,4389,372,3266,5018,17851,10775,5615,67,16,24
LPL,RA,2021-03-03,34.016666666666666,Top,Cube,1,126,6,3,5,14891,306,32,20,4,19547,16503,3043,5123,15253,10304,4666,17,3,5
LPL,RA,2021-03-03,34.016666666666666,Jungle,Leyan,1,141,3,2,5,13152,253,203,130,26,9477,7681,1018,18514,28792,22480,6120,40,29,5
LPL,RA,2021-03-03,34.016666666666666,Mid,FoFo,1,112,0,1,8,13893,328,34,23,3,20039,181,19857,1864,8023,4187,3040,17,5,6
LPL,RA,2021-03-03,34.016666666666666,Bot,iBoy,1,18,3,1,8,16744,349,38,17,9,16132,12109,1844,8937,15425,10828,3831,17,18,8
LPL,RA,2021-03-03,34.016666666666666,Support,Hang,1,526,2,2,8,8405,38,0,0,0,4429,536,2925,2118,8274,4813,3033,69,12,18
LPL,RA,2021-03-03,35.21666666666667,Top,Cube,1,58,4,3,5,13511,285,18,13,1,13141,11744,1396,12082,31106,22775,7630,17,8,5
LPL,RA,2021-03-03,35.21666666666667,Jungle,Leyan,1,876,2,2,11,13017,242,201,124,32,13971,383,9518,12041,25478,17996,6887,8,8,3
LPL,RA,2021-03-03,35.21666666666667,Mid,FoFo,1,42,6,1,7,15081,323,33,33,0,27471,4427,23044,2509,11283,5824,5245,14,12,3
LPL,RA,2021-03-03,35.21666666666667,Bot,iBoy,1,145,4,2,10,16338,338,42,16,7,24141,17001,4285,7422,14616,11355,2742,16,11,5
LPL,RA,2021-03-03,35.21666666666667,Support,Hang,1,497,0,3,15,8407,44,0,0,0,5245,590,3907,3020,10964,6551,3826,92,18,16
LPL,ES,2021-03-03,35.21666666666667,Top,zs,0,266,2,2,4,13114,253,29,18,0,14163,14163,0,14015,31711,22380,7936,16,10,13
LPL,ES,2021-03-03,35.21666666666667,Jungle,H4cker,0,77,2,1,6,11137,196,153,103,13,7768,2800,4182,16168,31999,19458,10567,15,26,15
LPL,ES,2021-03-03,35.21666666666667,Mid,Insulator,0,268,2,4,3,12641,279,20,17,0,13831,217,13614,2820,16932,7076,8898,16,6,8
LPL,ES,2021-03-03,35.21666666666667,Bot,rat,0,498,4,3,3,16648,360,40,36,0,19751,18144,364,2051,16014,8350,7270,13,13,7
LPL,ES,2021-03-03,35.21666666666667,Support,ShiauC,0,12,1,6,3,7630,47,1,0,0,3841,402,2854,5131,20859,7038,10867,63,15,21
