League,team,date,min,role,name,win,hero,kill,death,assist,gold,lasthit,neutralKilled,neutralKilledTJungle,neutralKilledEJungle,totalDamageToChamp,pDamageToChamp,mDamageDealtToChamp,totalHeal,totalDamageTaken,pDamageTaken,mDamageTaken,wardsPlaced,wardsKilled,visionWardsBought
LPL,LGD,2021-03-03,25.033333333333335,Top,Cult,0,164,2,2,1,10592,211,3,3,0,12020,8591,512,4936,17370,14764,2326,8,3,3
LPL,LGD,2021-03-03,25.033333333333335,Jungle,Kui,0,36,1,6,1,7105,129,115,77,16,8253,1501,6212,16546,23752,17112,6255,10,10,9
LPL,LGD,2021-03-03,25.033333333333335,Mid,Uniboy,0,112,1,5,2,8598,205,8,8,0,12386,177,12209,1159,11393,4469,6682,12,2,6
LPL,LGD,2021-03-03,25.033333333333335,Bot,Kramer,0,145,0,1,2,8933,234,6,3,0,5718,3498,2219,2557,6199,5244,922,12,7,4
LPL,LGD,2021-03-03,25.033333333333335,Support,peace,0,147,0,2,3,5210,20,0,0,0,5059,1428,3631,380,6531,3196,2825,37,9,10
LPL,WE,2021-03-03,25.033333333333335,Top,Breathe,1,266,6,0,3,12077,221,17,7,8,14106,14074,0,11100,18417,12068,4215,9,4,4
LPL,WE,2021-03-03,25.033333333333335,Jungle,beishang,1,77,5,0,6,11640,207,181,85,41,7395,2780,4020,13313,21766,13723,7668,7,12,7
LPL,WE,2021-03-03,25.033333333333335,Mid,Shanks,1,61,3,2,5,10825,228,16,9,4,7811,469,7292,2024,9623,2798,5982,12,5,5
LPL,WE,2021-03-03,25.033333333333335,Bot,Jiumeng,1,498,2,1,7,12003,261,26,16,7,8297,7524,562,2165,9367,4688,4625,11,9,5
LPL,WE,2021-03-03,25.033333333333335,Support,Missing,1,79,0,1,8,6716,14,0,0,0,6573,512,5499,6029,11325,5570,5701,21,10,4
LPL,WE,2021-03-03,27.916666666666668,Top,Breathe,1,69,6,1,9,12859,236,25,11,5,19567,877,18655,7134,14131,7240,6356,15,5,6
LPL,WE,2021-03-03,27.916666666666668,Jungle,beishang,1,163,6,1,6,12516,217,174,101,16,15286,441,14030,10538,17232,12399,4690,5,11,5
LPL,WE,2021-03-03,27.916666666666668,Mid,Shanks,1,58,5,2,8,11413,204,0,0,0,12498,10690,1807,10916,33089,12759,13142,12,10,8
LPL,WE,2021-03-03,27.916666666666668,Bot,Jiumeng,1,222,5,0,9,13773,257,33,12,13,27291,23191,467,5987,12838,7874,4686,13,2,4
LPL,WE,2021-03-03,27.916666666666668,Support,Missing,1,12,1,3,12,7634,31,0,0,0,4643,656,3316,9191,19465,5912,9262,33,11,10
LPL,LGD,2021-03-03,27.916666666666668,Top,Cult,0,14,2,6,3,8392,180,0,0,0,11946,8759,3186,0,33082,11003,20015,12,7,7
LPL,LGD,2021-03-03,27.916666666666668,Jungle,Kui,0,876,0,5,3,8619,197,138,119,2,11219,151,7787,9894,26397,17500,8381,10,9,9
LPL,LGD,2021-03-03,27.916666666666668,Mid,Uniboy,0,134,3,5,2,9604,197,0,0,0,21867,1745,20027,331,11221,5267,5176,5,5,3
LPL,LGD,2021-03-03,27.916666666666668,Bot,Kramer,0,18,2,3,3,11440,263,11,9,0,13423,9391,2588,6922,18848,15854,2340,12,16,4
LPL,LGD,2021-03-03,27.916666666666668,Support,peace,0,526,0,4,3,5396,31,0,0,0,3396,323,2458,929,13632,7069,5422,48,5,16
