League,team,date,min,role,name,win,hero,kill,death,assist,gold,lasthit,neutralKilled,neutralKilledTJungle,neutralKilledEJungle,totalDamageToChamp,pDamageToChamp,mDamageDealtToChamp,totalHeal,totalDamageTaken,pDamageTaken,mDamageTaken,wardsPlaced,wardsKilled,visionWardsBought
LPL,RNG,2021-03-04,37.583333333333336,Top,Xiaohu,1,236,5,4,5,17473,332,28,12,6,16562,14172,2389,4936,14931,11587,3013,14,13,4
LPL,RNG,2021-03-04,37.583333333333336,Jungle,Wei,1,876,2,2,1,13303,210,174,99,10,10503,66,7824,11794,23982,19095,4857,11,12,10
LPL,RNG,2021-03-04,37.583333333333336,Mid,Cryin,1,268,0,2,7,14109,319,44,36,0,13975,837,13138,2061,11148,6322,4641,22,12,10
LPL,RNG,2021-03-04,37.583333333333336,Bot,GALA,1,18,5,2,3,17964,395,64,45,4,15551,11386,1606,3077,9188,5098,3978,14,21,5
LPL,RNG,2021-03-04,37.583333333333336,Support,Ming,1,526,0,2,6,9135,40,0,0,0,2946,152,2557,1309,9372,5530,3406,79,12,18
LPL,LNG,2021-03-04,37.583333333333336,Top,Ale,0,150,3,3,4,12882,273,34,11,16,7553,6473,1080,4523,24397,14390,8876,15,19,8
LPL,LNG,2021-03-04,37.583333333333336,Jungle,Tarzan,0,104,5,1,2,13235,256,208,139,20,8795,6985,1440,8430,14964,10664,3746,8,13,6
LPL,LNG,2021-03-04,37.583333333333336,Mid,icon,0,13,2,1,8,14868,349,41,37,1,9865,222,9643,4643,14799,6893,6857,18,4,8
LPL,LNG,2021-03-04,37.583333333333336,Bot,Light,0,360,1,3,4,14587,375,40,33,0,4704,3983,605,2983,14418,10195,3816,11,14,3
LPL,LNG,2021-03-04,37.583333333333336,Support,Iwandy,0,12,1,4,5,7770,35,0,0,0,2540,202,1729,4961,16156,7434,6455,81,12,22
LPL,RNG,2021-03-04,30.15,Top,Xiaohu,1,150,5,0,12,13671,268,25,9,8,14392,11160,2787,7374,16540,9819,6242,13,4,4
LPL,RNG,2021-03-04,30.15,Jungle,Wei,1,876,5,1,12,12445,222,177,115,24,17172,115,12404,12008,22483,16831,5551,26,11,7
LPL,RNG,2021-03-04,30.15,Mid,Cryin,1,58,6,4,15,14403,296,28,12,8,14414,12136,2278,13902,33551,13771,18367,9,10,6
LPL,RNG,2021-03-04,30.15,Bot,GALA,1,18,6,1,10,14159,303,34,17,0,11579,8497,1545,2855,8827,5663,2804,12,12,5
LPL,RNG,2021-03-04,30.15,Support,Ming,1,526,2,4,17,8099,38,0,0,0,6270,289,5289,1387,10779,6062,4387,41,15,13
LPL,LNG,2021-03-04,30.15,Top,Ale,0,39,0,4,6,10461,282,8,6,0,8390,5040,3182,4257,20312,11040,7582,9,4,1
LPL,LNG,2021-03-04,30.15,Jungle,Tarzan,0,104,2,4,6,9620,174,149,122,4,11034,9124,642,6926,17334,12127,3854,6,9,7
LPL,LNG,2021-03-04,30.15,Mid,icon,0,112,5,7,5,12124,270,12,10,0,25627,970,24656,1735,13680,8501,4212,12,4,4
LPL,LNG,2021-03-04,30.15,Bot,Light,0,360,3,5,4,12157,262,12,12,0,10308,8347,1457,3528,17973,10712,5978,11,6,2
LPL,LNG,2021-03-04,30.15,Support,Iwandy,0,12,0,4,6,6183,44,0,0,0,3419,139,2862,4764,17658,11269,4356,55,16,18
