League,team,date,min,role,name,win,hero,kill,death,assist,gold,lasthit,neutralKilled,neutralKilledTJungle,neutralKilledEJungle,totalDamageToChamp,pDamageToChamp,mDamageDealtToChamp,totalHeal,totalDamageTaken,pDamageTaken,mDamageTaken,wardsPlaced,wardsKilled,visionWardsBought
LPL,OMG,2021-03-04,23.133333333333333,Top,New,0,14,1,3,2,7198,157,5,1,0,10307,6437,3869,349,22561,13429,7336,9,4,3
LPL,OMG,2021-03-04,23.133333333333333,Jungle,Aki,0,876,2,3,1,6839,125,114,89,1,7458,328,5693,9367,23058,14672,7794,14,5,5
LPL,OMG,2021-03-04,23.133333333333333,Mid,Wuming,0,268,0,5,2,7403,180,8,8,0,7938,668,7270,700,11503,6292,4707,7,1,3
LPL,OMG,2021-03-04,23.133333333333333,Bot,Eric,0,145,2,4,1,9570,216,8,3,0,9620,6945,2314,3499,13011,6715,5537,18,7,4
LPL,OMG,2021-03-04,23.133333333333333,Support,COLD,0,526,0,5,2,4799,29,0,0,0,3668,399,2778,405,10959,6721,3331,26,5,10
LPL,TES,2021-03-04,23.133333333333333,Top,369,1,41,6,2,8,11596,192,8,8,0,22855,15556,5194,3580,16341,10045,5827,9,1,4
LPL,TES,2021-03-04,23.133333333333333,Jungle,Karsa,1,120,2,0,8,9058,168,138,87,4,5577,4165,1263,15073,23097,17299,5129,8,9,8
LPL,TES,2021-03-04,23.133333333333333,Mid,knight,1,69,5,1,8,10984,225,27,13,8,15867,189,15678,5086,10997,5758,4530,7,8,3
LPL,TES,2021-03-04,23.133333333333333,Bot,JackeyLove,1,18,6,1,2,11788,228,22,12,9,12818,9917,1075,3727,10912,5856,3815,10,6,3
LPL,TES,2021-03-04,23.133333333333333,Support,Zhuo,1,12,1,1,14,6644,33,0,0,0,3986,468,3042,5478,8654,2921,5531,33,14,11
LPL,OMG,2021-03-04,20.266666666666666,Top,New,0,266,0,3,2,6810,156,12,1,8,5786,5698,0,3522,14981,10002,3982,6,2,1
LPL,OMG,2021-03-04,20.266666666666666,Jungle,Aki,0,2,0,5,2,5071,95,74,55,8,4794,3702,0,6285,19968,13334,5962,6,2,6
LPL,OMG,2021-03-04,20.266666666666666,Mid,Wuming,0,147,1,2,0,6129,147,4,4,0,4633,1170,3462,1217,6661,3330,2955,7,2,2
LPL,OMG,2021-03-04,20.266666666666666,Bot,Eric,0,145,2,3,0,7692,155,0,0,0,5725,3782,1943,2790,10722,7911,2084,15,8,3
LPL,OMG,2021-03-04,20.266666666666666,Support,COLD,0,526,0,6,1,4093,21,0,0,0,1875,250,1489,564,10926,7171,2702,17,2,9
LPL,TES,2021-03-04,20.266666666666666,Top,369,1,14,1,0,6,8244,152,0,0,0,7997,5863,2134,1505,9959,8267,1392,8,6,3
LPL,TES,2021-03-04,20.266666666666666,Jungle,Karsa,1,76,5,0,9,10415,166,135,64,28,10929,1161,9259,11099,12489,10041,2255,5,5,4
LPL,TES,2021-03-04,20.266666666666666,Mid,knight,1,777,7,0,2,10108,201,16,0,14,12561,7773,2816,3092,6193,4736,1457,7,9,5
LPL,TES,2021-03-04,20.266666666666666,Bot,JackeyLove,1,523,6,1,5,10790,200,4,4,0,16366,14525,498,2680,6227,4888,1191,7,4,4
LPL,TES,2021-03-04,20.266666666666666,Support,Zhuo,1,412,0,2,12,5605,29,0,0,0,2209,428,1781,374,7559,4802,2082,27,8,8
