League,team,date,min,role,name,win,hero,kill,death,assist,gold,lasthit,neutralKilled,neutralKilledTJungle,neutralKilledEJungle,totalDamageToChamp,pDamageToChamp,mDamageDealtToChamp,totalHeal,totalDamageTaken,pDamageTaken,mDamageTaken,wardsPlaced,wardsKilled,visionWardsBought
LPL,ES,2021-03-05,33.93333333333333,Top,zs,0,126,3,3,6,11924,256,24,15,0,22524,19257,3266,4732,17449,9960,6066,12,10,10
LPL,ES,2021-03-05,33.93333333333333,Jungle,H4cker,0,77,1,2,12,10974,215,156,104,21,12055,4149,6654,16093,33268,19897,12723,14,28,15
LPL,ES,2021-03-05,33.93333333333333,Mid,irma,0,517,5,4,8,14190,270,22,15,0,19890,279,19610,11754,28066,16360,9059,12,9,8
LPL,ES,2021-03-05,33.93333333333333,Bot,rat,0,498,6,6,2,14107,317,28,28,0,25093,23282,0,2101,15103,9199,5214,13,11,5
LPL,ES,2021-03-05,33.93333333333333,Support,ShiauC,0,497,0,6,10,6737,37,0,0,0,4209,393,3816,4054,12465,7363,4211,90,14,21
LPL,JDG,2021-03-05,33.93333333333333,Top,Zoom,1,150,4,3,6,14481,272,17,10,1,14462,10659,3802,4610,19600,11595,7613,15,10,4
LPL,JDG,2021-03-05,33.93333333333333,Jungle,Kanavi,1,120,4,5,13,12904,235,198,124,15,12698,7538,4253,24207,44397,31950,10769,38,33,9
LPL,JDG,2021-03-05,33.93333333333333,Mid,Yagao,1,4,4,1,11,14814,260,18,12,6,19822,1950,17547,5022,15039,9093,5869,9,12,4
LPL,JDG,2021-03-05,33.93333333333333,Bot,LokeN,1,18,8,2,11,17771,353,40,16,10,25881,19863,1904,12165,18545,9419,8922,15,16,5
LPL,JDG,2021-03-05,33.93333333333333,Support,LvMao,1,12,1,4,19,8540,31,0,0,0,8582,572,7056,12947,21689,15010,5965,49,6,16
LPL,ES,2021-03-05,25.466666666666665,Top,zs,0,150,1,5,2,8461,190,8,3,0,11713,9429,2283,2703,17342,11149,3107,12,2,7
LPL,ES,2021-03-05,25.466666666666665,Jungle,H4cker,0,77,2,3,2,7857,133,104,90,0,5900,2200,2909,9401,25176,17750,5579,9,11,9
LPL,ES,2021-03-05,25.466666666666665,Mid,irma,0,61,0,4,3,8256,225,16,16,0,6507,577,5930,253,10697,5407,4211,14,2,7
LPL,ES,2021-03-05,25.466666666666665,Bot,rat,0,15,1,4,2,8980,223,6,4,1,11325,10747,0,842,10630,7057,2453,9,8,2
LPL,ES,2021-03-05,25.466666666666665,Support,ShiauC,0,12,1,6,1,5191,31,0,0,0,2449,312,1686,1889,12665,6653,3957,30,8,11
LPL,JDG,2021-03-05,25.466666666666665,Top,Zoom,1,164,4,1,10,11066,213,8,4,4,10881,7725,283,4769,17890,10057,5210,13,4,6
LPL,JDG,2021-03-05,25.466666666666665,Jungle,Kanavi,1,876,7,0,8,12755,202,164,83,18,11163,228,7664,12995,22157,17481,3358,19,13,4
LPL,JDG,2021-03-05,25.466666666666665,Mid,Yagao,1,236,3,2,3,11009,239,40,20,17,10232,9066,1105,2259,12840,7981,4583,8,7,4
LPL,JDG,2021-03-05,25.466666666666665,Bot,LokeN,1,18,6,1,12,13709,271,36,12,12,16024,11690,1726,6195,9359,7054,2094,27,12,7
LPL,JDG,2021-03-05,25.466666666666665,Support,LvMao,1,526,2,2,18,7871,33,0,0,0,6517,467,5673,1768,10293,7415,1486,31,5,8
