League,team,date,min,role,name,win,hero,kill,death,assist,gold,lasthit,neutralKilled,neutralKilledTJungle,neutralKilledEJungle,totalDamageToChamp,pDamageToChamp,mDamageDealtToChamp,totalHeal,totalDamageTaken,pDamageTaken,mDamageTaken,wardsPlaced,wardsKilled,visionWardsBought
LPL,SN,2021-03-05,28.433333333333334,Top,Bin,1,150,3,0,10,12504,268,24,6,8,16105,13670,2197,4451,15826,11370,4109,14,0,5
LPL,SN,2021-03-05,28.433333333333334,Jungle,SofM,1,2,4,1,11,11196,190,172,117,3,11983,8011,0,19213,28369,20790,6887,15,12,11
LPL,SN,2021-03-05,28.433333333333334,Mid,Angel,1,268,3,1,7,12639,294,33,17,11,16528,63,16464,2876,10466,6344,3935,16,9,7
LPL,SN,2021-03-05,28.433333333333334,Bot,huanfeng,1,429,6,0,5,12569,283,17,11,6,10125,9283,401,4297,9299,7403,1896,24,9,5
LPL,SN,2021-03-05,28.433333333333334,Support,ON,1,3,1,1,11,6766,37,0,0,0,4956,41,4915,1626,8818,6537,1503,42,13,12
LPL,V5,2021-03-05,28.433333333333334,Top,LANGX,0,126,2,4,1,9971,237,12,12,0,17585,13931,3654,2481,14542,9290,3961,12,6,3
LPL,V5,2021-03-05,28.433333333333334,Jungle,Weiwei,0,104,0,3,1,8252,181,153,120,0,8018,6282,694,7557,18150,12492,4756,11,9,10
LPL,V5,2021-03-05,28.433333333333334,Mid,Mole,0,147,1,3,2,9879,240,4,4,0,8338,1175,7163,5135,12305,6125,5313,11,6,4
LPL,V5,2021-03-05,28.433333333333334,Bot,Trigger,0,18,0,2,1,8217,213,4,4,0,5114,4096,602,2916,12110,6785,5241,13,13,4
LPL,V5,2021-03-05,28.433333333333334,Support,ppgod,0,12,0,5,1,5459,35,0,0,0,3899,186,3169,3189,17156,8675,6974,34,13,10
LPL,SN,2021-03-05,38.28333333333333,Top,Bin,1,126,3,1,6,14632,291,26,11,7,18036,15502,2479,5762,13782,5579,7751,24,8,11
LPL,SN,2021-03-05,38.28333333333333,Jungle,SofM,1,2,2,1,7,12750,216,179,93,36,10896,8256,0,20618,35586,20581,13604,17,23,12
LPL,SN,2021-03-05,38.28333333333333,Mid,Angel,1,112,2,3,11,15500,348,32,19,8,25891,329,25381,2158,13113,6369,6301,23,9,9
LPL,SN,2021-03-05,38.28333333333333,Bot,huanfeng,1,145,7,1,4,18452,366,59,45,7,16502,10159,3582,6753,13163,10113,2943,38,15,6
LPL,SN,2021-03-05,38.28333333333333,Support,ON,1,79,1,2,3,8664,41,0,0,0,3423,220,2883,5141,11404,5704,5472,65,9,22
LPL,V5,2021-03-05,38.28333333333333,Top,LANGX,0,54,1,3,6,11900,252,2,0,2,12555,1616,10938,1752,15333,6763,7127,17,7,4
LPL,V5,2021-03-05,38.28333333333333,Jungle,Weiwei,0,77,3,3,3,11690,199,165,108,5,5771,2034,3109,17069,34528,22292,10489,14,30,15
LPL,V5,2021-03-05,38.28333333333333,Mid,Mole,0,61,4,2,4,15095,341,36,33,1,16218,695,15397,2979,14753,5917,8456,13,7,5
LPL,V5,2021-03-05,38.28333333333333,Bot,Trigger,0,523,0,3,3,14947,360,25,16,0,12741,10809,731,5891,14911,7947,5869,16,27,5
LPL,V5,2021-03-05,38.28333333333333,Support,ppgod,0,412,0,4,4,7631,35,0,0,0,2873,350,1846,266,14051,7374,5383,66,15,13
