League,team,date,min,role,name,win,hero,kill,death,assist,gold,lasthit,neutralKilled,neutralKilledTJungle,neutralKilledEJungle,totalDamageToChamp,pDamageToChamp,mDamageDealtToChamp,totalHeal,totalDamageTaken,pDamageTaken,mDamageTaken,wardsPlaced,wardsKilled,visionWardsBought
LPL,LNG,2021-03-06,25.416666666666668,Top,M1kuya,1,516,0,1,8,8228,169,4,1,0,12005,4338,7666,3362,17593,7907,9078,11,3,6
LPL,LNG,2021-03-06,25.416666666666668,Jungle,Tarzan,1,876,2,0,9,10039,179,150,99,10,12108,332,8363,12049,20318,15641,4545,17,10,3
LPL,LNG,2021-03-06,25.416666666666668,Mid,icon,1,236,6,0,4,13911,281,37,16,17,16750,14200,2296,2496,10946,5012,5743,8,1,1
LPL,LNG,2021-03-06,25.416666666666668,Bot,Light,1,145,4,0,4,12609,269,19,0,7,11227,7812,1918,3743,7024,2934,3886,6,3,2
LPL,LNG,2021-03-06,25.416666666666668,Support,Iwandy,1,497,0,0,10,6226,18,0,0,0,4654,800,3093,3174,5818,3732,1715,60,18,10
LPL,LGD,2021-03-06,25.416666666666668,Top,Cult,0,79,0,2,1,7640,181,0,0,0,9637,1276,8361,8680,19839,11315,7157,8,5,2
LPL,LGD,2021-03-06,25.416666666666668,Jungle,Kui,0,77,1,3,0,7689,168,137,102,4,1164,553,406,9690,22800,16426,5050,10,8,8
LPL,LGD,2021-03-06,25.416666666666668,Mid,Uniboy,0,61,0,2,0,8259,229,8,8,0,11299,388,10911,1418,10800,7110,2866,8,7,4
LPL,LGD,2021-03-06,25.416666666666668,Bot,Kramer,0,67,0,2,0,8744,230,12,9,0,4170,3283,0,2138,7359,3486,3092,11,8,3
LPL,LGD,2021-03-06,25.416666666666668,Support,peace,0,12,0,3,0,4834,30,0,0,0,2347,190,1742,4014,15646,7344,6671,39,10,13
LPL,LGD,2021-03-06,27.933333333333334,Top,Cult,1,58,3,3,9,9848,172,8,4,4,18419,16593,1629,10169,27344,12503,13224,9,1,4
LPL,LGD,2021-03-06,27.933333333333334,Jungle,Kui,1,876,6,1,7,11066,177,145,81,24,11968,860,8101,14003,24306,16803,7072,28,10,10
LPL,LGD,2021-03-06,27.933333333333334,Mid,Uniboy,1,268,4,2,9,11474,219,27,12,4,17345,431,16914,2966,12847,6736,5514,7,3,4
LPL,LGD,2021-03-06,27.933333333333334,Bot,Kramer,1,429,4,1,9,13296,262,28,12,0,11468,10279,704,2610,8525,1872,6652,11,14,1
LPL,LGD,2021-03-06,27.933333333333334,Support,Chance,1,526,1,1,14,7743,30,0,0,0,4992,253,4062,2622,8662,5096,3296,40,8,11
LPL,LNG,2021-03-06,27.933333333333334,Top,M1kuya,0,79,1,4,6,8677,173,0,0,0,11656,1777,9878,8775,28052,18482,7884,9,2,4
LPL,LNG,2021-03-06,27.933333333333334,Jungle,Tarzan,0,77,4,3,2,9155,153,136,94,19,6573,2095,3242,10748,24951,19210,5040,13,8,10
LPL,LNG,2021-03-06,27.933333333333334,Mid,icon,0,134,3,4,4,10630,243,12,12,0,14561,897,13664,1423,14591,4332,9216,8,1,3
LPL,LNG,2021-03-06,27.933333333333334,Bot,Light,0,18,0,3,3,9052,235,27,27,0,10766,8570,917,1486,10807,4671,5540,11,7,2
LPL,LNG,2021-03-06,27.933333333333334,Support,Iwandy,0,40,0,4,4,5714,15,0,0,0,5432,454,4580,2284,9275,3318,5617,42,12,14
LPL,LNG,2021-03-06,23.916666666666668,Top,M1kuya,1,79,2,1,13,7935,120,0,0,0,11088,1221,9866,9490,20180,13500,5717,9,5,4
LPL,LNG,2021-03-06,23.916666666666668,Jungle,Tarzan,1,876,7,0,7,10534,154,127,89,11,10065,608,6498,10600,20353,13726,6534,15,4,4
LPL,LNG,2021-03-06,23.916666666666668,Mid,icon,1,39,7,3,6,11554,225,10,6,0,9296,5754,3441,7876,20659,13122,7246,6,3,0
LPL,LNG,2021-03-06,23.916666666666668,Bot,Light,1,145,4,2,8,10762,222,8,8,0,8123,5444,1461,4278,9714,5507,3967,9,4,3
LPL,LNG,2021-03-06,23.916666666666668,Support,Iwandy,1,12,1,3,13,6415,32,0,0,0,4555,447,3690,10231,11801,6963,4329,32,8,12
LPL,LGD,2021-03-06,23.916666666666668,Top,Cult,0,126,2,5,0,8777,199,8,3,0,18069,14959,3110,1823,11816,3785,7204,8,3,1
LPL,LGD,2021-03-06,23.916666666666668,Jungle,Kui,0,77,0,3,7,8112,160,140,80,15,4832,1844,2264,7619,19309,11333,6712,9,9,10
LPL,LGD,2021-03-06,23.916666666666668,Mid,Uniboy,0,61,4,4,3,8632,171,14,13,0,16072,1031,15040,659,7967,3232,3657,10,2,4
LPL,LGD,2021-03-06,23.916666666666668,Bot,Kramer,0,18,2,5,4,8779,194,12,12,0,8673,6755,1121,2920,10741,5741,4392,10,8,2
LPL,LGD,2021-03-06,23.916666666666668,Support,Chance,0,111,1,4,4,5459,27,0,0,0,4261,776,2912,0,9650,3768,4963,25,3,9
