League,team,date,min,role,name,win,hero,kill,death,assist,gold,lasthit,neutralKilled,neutralKilledTJungle,neutralKilledEJungle,totalDamageToChamp,pDamageToChamp,mDamageDealtToChamp,totalHeal,totalDamageTaken,pDamageTaken,mDamageTaken,wardsPlaced,wardsKilled,visionWardsBought
LPL,FPX,2021-03-06,30.783333333333335,Top,Nuguri,0,150,1,3,5,10384,229,10,5,5,20945,17378,3567,6101,25170,10185,13580,9,12,6
LPL,FPX,2021-03-06,30.783333333333335,Jungle,Beichuan,0,203,3,3,4,10254,156,146,103,8,10480,7160,1574,17660,28687,18912,9086,7,4,6
LPL,FPX,2021-03-06,30.783333333333335,Mid,Doinb,0,147,1,2,7,10679,258,8,8,0,13349,1069,11350,9320,14126,5470,8655,15,8,3
LPL,FPX,2021-03-06,30.783333333333335,Bot,Lwx,0,18,4,2,4,13039,277,29,17,1,15140,11419,1562,4603,11675,4804,6588,14,18,5
LPL,FPX,2021-03-06,30.783333333333335,Support,Crisp,0,12,0,6,7,6877,26,0,0,0,5132,207,3695,3768,19006,7853,7738,52,6,20
LPL,RA,2021-03-06,30.783333333333335,Top,Cube,1,58,3,1,9,12820,242,16,5,0,15639,14039,1600,11438,31542,21982,7525,17,8,7
LPL,RA,2021-03-06,30.783333333333335,Jungle,Leyan,1,30,2,3,10,12267,259,223,125,44,20366,124,19761,16134,27409,18228,8210,7,6,0
LPL,RA,2021-03-06,30.783333333333335,Mid,FoFo,1,61,4,1,9,12732,247,22,19,0,16694,883,15810,1302,8887,5196,3498,14,4,4
LPL,RA,2021-03-06,30.783333333333335,Bot,iBoy,1,67,6,2,6,12749,257,24,16,0,13539,9477,18,3558,11454,6586,3550,10,18,2
LPL,RA,2021-03-06,30.783333333333335,Support,Hang,1,79,1,2,9,7350,33,0,0,0,7895,657,5972,7093,15296,11390,2359,50,9,17
LPL,RA,2021-03-06,26.75,Top,Cube,0,126,4,4,2,10376,221,20,11,0,12831,11557,1274,2235,12589,5948,5764,14,6,5
LPL,RA,2021-03-06,26.75,Jungle,Leyan,0,876,2,4,4,9437,179,162,119,4,8094,539,5027,11996,29540,20952,7659,9,4,3
LPL,RA,2021-03-06,26.75,Mid,FoFo,0,268,3,3,2,10709,256,4,4,0,13688,259,13428,143,9614,4969,4340,11,12,4
LPL,RA,2021-03-06,26.75,Bot,iBoy,0,360,0,4,2,8610,223,21,18,0,6830,6000,488,3568,16525,9288,6768,7,10,2
LPL,RA,2021-03-06,26.75,Support,Hang,0,12,0,4,5,5766,39,0,0,0,3900,331,2749,3468,12475,6724,4694,42,7,11
LPL,FPX,2021-03-06,26.75,Top,Nuguri,1,39,4,3,7,12126,248,12,9,0,8787,5751,3035,5341,18876,11314,6966,14,3,5
LPL,FPX,2021-03-06,26.75,Jungle,Beichuan,1,30,9,2,7,12503,203,162,116,7,18518,82,17446,11272,21068,14250,6356,9,7,8
LPL,FPX,2021-03-06,26.75,Mid,Doinb,1,56,1,2,10,10580,234,20,5,1,7828,7196,631,9410,22161,14296,7089,14,4,7
LPL,FPX,2021-03-06,26.75,Bot,Lwx,1,18,5,1,9,14049,277,16,16,0,16500,12294,1563,5238,8689,4716,3607,10,8,2
LPL,FPX,2021-03-06,26.75,Support,Crisp,1,3,0,1,15,6993,45,0,0,0,3350,39,3311,705,8913,5536,1885,42,16,13
LPL,FPX,2021-03-06,41.7,Top,Nuguri,0,14,3,5,5,14457,286,9,0,1,28249,16518,11731,3315,50556,30964,16084,15,8,8
LPL,FPX,2021-03-06,41.7,Jungle,Beichuan,0,120,5,5,16,15842,226,191,107,20,16719,10697,5126,23661,48867,27027,18308,18,15,17
LPL,FPX,2021-03-06,41.7,Mid,Doinb,0,68,8,5,9,17259,297,39,23,4,36320,409,35506,5019,21409,11489,9315,26,5,9
LPL,FPX,2021-03-06,41.7,Bot,Lwx,0,236,5,5,6,19229,424,67,55,8,29514,23924,2449,4083,24374,15979,7711,13,21,2
LPL,FPX,2021-03-06,41.7,Support,Crisp,0,526,2,7,8,9641,38,0,0,0,5466,492,4241,2674,21450,7661,12905,78,14,28
LPL,RA,2021-03-06,41.7,Top,Cube,1,266,3,4,10,14616,299,8,4,0,21346,21279,66,25919,47977,25652,20581,23,13,8
LPL,RA,2021-03-06,41.7,Jungle,Leyan,1,30,7,11,9,15747,276,232,169,17,33724,271,31486,18184,41377,24667,16218,14,11,5
LPL,RA,2021-03-06,41.7,Mid,FoFo,1,61,2,2,19,16152,351,26,22,1,18683,1184,17204,3509,15039,6609,7990,14,9,2
LPL,RA,2021-03-06,41.7,Bot,iBoy,1,18,14,2,7,22475,376,36,21,1,43193,35548,1593,14391,22941,14674,6710,16,23,3
LPL,RA,2021-03-06,41.7,Support,Hang,1,79,1,4,15,9785,45,0,0,0,11340,644,9799,9644,23148,10124,12082,80,15,22
