League,team,date,min,role,name,win,hero,kill,death,assist,gold,lasthit,neutralKilled,neutralKilledTJungle,neutralKilledEJungle,totalDamageToChamp,pDamageToChamp,mDamageDealtToChamp,totalHeal,totalDamageTaken,pDamageTaken,mDamageTaken,wardsPlaced,wardsKilled,visionWardsBought
LPL,RNG,2021-03-06,24.566666666666666,Top,Xiaohu,1,18,7,2,3,14659,234,12,5,4,13106,10299,2657,3147,7599,4264,2716,10,5,5
LPL,RNG,2021-03-06,24.566666666666666,Jungle,Wei,1,120,5,1,8,9835,139,130,66,23,10822,8023,2468,14428,23551,16335,6211,11,8,10
LPL,RNG,2021-03-06,24.566666666666666,Mid,Cryin,1,112,2,1,4,9456,204,34,27,0,13825,148,13677,893,6704,3260,3444,10,5,3
LPL,RNG,2021-03-06,24.566666666666666,Bot,GALA,1,498,3,1,2,11022,256,22,9,8,9377,8858,518,1519,8163,6254,1664,8,6,3
LPL,RNG,2021-03-06,24.566666666666666,Support,Ming,1,79,0,2,8,6559,38,0,0,0,4051,368,3437,4342,9729,7899,1637,31,8,10
LPL,EDG,2021-03-06,24.566666666666666,Top,Flandre,0,150,2,5,1,8081,160,6,3,0,5375,4356,1019,1929,15189,8970,6108,3,7,1
LPL,EDG,2021-03-06,24.566666666666666,Jungle,Jiejie,0,2,2,0,2,7789,133,118,80,14,6179,4475,0,11352,21868,15931,5846,8,4,8
LPL,EDG,2021-03-06,24.566666666666666,Mid,Scout,0,268,1,4,3,9272,211,24,21,0,8890,247,8642,1983,12168,7803,4365,12,3,6
LPL,EDG,2021-03-06,24.566666666666666,Bot,Viper,0,429,1,3,2,9072,239,13,5,0,7713,7558,154,3448,12271,7582,4416,12,2,3
LPL,EDG,2021-03-06,24.566666666666666,Support,Meiko,0,526,1,5,3,5388,28,0,0,0,2762,322,2083,1017,11220,7147,3819,29,4,8
LPL,EDG,2021-03-06,34.55,Top,Flandre,1,126,2,3,8,13609,278,26,7,7,22359,19755,2604,3969,12950,7020,5900,9,11,4
LPL,EDG,2021-03-06,34.55,Jungle,Jiejie,1,77,4,0,5,13357,216,176,103,12,10043,3705,5382,16578,30181,21244,8413,16,25,15
LPL,EDG,2021-03-06,34.55,Mid,Scout,1,147,0,0,9,11725,252,16,12,0,5477,527,4747,7027,5865,1967,3897,18,8,6
LPL,EDG,2021-03-06,34.55,Bot,Viper,1,523,3,2,6,16172,357,32,24,4,18849,15551,791,2044,7842,5578,1981,14,15,6
LPL,EDG,2021-03-06,34.55,Support,Meiko,1,412,2,3,7,8824,38,4,0,0,2804,270,2534,173,8242,4597,3593,52,7,14
LPL,RNG,2021-03-06,34.55,Top,Xiaohu,0,79,3,3,4,10572,196,4,4,0,7402,473,6928,10113,21286,15675,5138,19,1,10
LPL,RNG,2021-03-06,34.55,Jungle,Wei,0,120,3,4,4,9667,158,129,102,8,6157,4178,1496,13232,29420,19812,8256,11,18,11
LPL,RNG,2021-03-06,34.55,Mid,Cryin,0,268,1,1,3,12762,325,39,32,0,11048,96,10926,4045,13740,11485,1873,17,8,6
LPL,RNG,2021-03-06,34.55,Bot,GALA,0,498,1,2,4,13779,375,40,33,0,11304,10772,249,1444,11044,8119,2231,8,16,2
LPL,RNG,2021-03-06,34.55,Support,Ming,0,497,0,1,6,6800,39,0,0,0,2639,542,1998,4001,11265,8230,2266,64,13,17
LPL,RNG,2021-03-06,34.06666666666667,Top,Xiaohu,1,150,2,3,11,15211,314,28,3,13,16134,13752,2382,7633,22960,13475,8283,14,16,3
LPL,RNG,2021-03-06,34.06666666666667,Jungle,Wei,1,876,3,1,11,12625,196,175,106,30,13919,336,11530,10367,20965,12698,8138,22,15,17
LPL,RNG,2021-03-06,34.06666666666667,Mid,Cryin,1,42,7,2,9,15699,325,78,62,0,25087,2585,22475,2464,15858,6684,8751,15,12,5
LPL,RNG,2021-03-06,34.06666666666667,Bot,GALA,1,18,5,1,9,15426,310,40,24,0,12551,9711,1042,4921,8565,3560,4402,11,17,2
LPL,RNG,2021-03-06,34.06666666666667,Support,Ming,1,111,0,2,11,7834,41,0,0,0,3777,787,2557,4062,13193,6409,6440,69,15,19
LPL,EDG,2021-03-06,34.06666666666667,Top,Flandre,0,79,0,4,5,10318,225,9,8,0,8918,636,8282,7014,19842,9997,8666,8,9,5
LPL,EDG,2021-03-06,34.06666666666667,Jungle,Jiejie,0,120,2,4,4,9445,158,137,89,4,4660,3158,1297,14500,30347,20000,8990,12,18,12
LPL,EDG,2021-03-06,34.06666666666667,Mid,Scout,0,268,3,1,4,13511,333,24,22,0,17481,99,16543,3047,14384,7638,6306,13,9,4
LPL,EDG,2021-03-06,34.06666666666667,Bot,Viper,0,429,4,4,4,15317,360,36,36,0,13794,12826,0,6719,17306,6211,10486,43,22,7
LPL,EDG,2021-03-06,34.06666666666667,Support,Meiko,0,526,0,4,7,6858,28,1,0,1,4660,383,3589,2212,14524,5707,8091,54,4,17
