League,team,date,min,role,name,win,hero,kill,death,assist,gold,lasthit,neutralKilled,neutralKilledTJungle,neutralKilledEJungle,totalDamageToChamp,pDamageToChamp,mDamageDealtToChamp,totalHeal,totalDamageTaken,pDamageTaken,mDamageTaken,wardsPlaced,wardsKilled,visionWardsBought
LPL,RW,2021-03-07,31.783333333333335,Top,Ziv,0,14,0,1,1,9266,215,0,0,0,8873,4536,4336,2286,17793,13113,3825,15,4,11
LPL,RW,2021-03-07,31.783333333333335,Jungle,Haro,0,120,2,2,1,10002,193,151,102,12,2461,1168,1052,14644,25441,16757,7766,11,16,10
LPL,RW,2021-03-07,31.783333333333335,Mid,Forge,0,61,1,3,1,10998,250,29,29,0,10035,647,9387,1318,10546,5369,4230,13,8,5
LPL,RW,2021-03-07,31.783333333333335,Bot,Betty,0,18,0,1,3,12817,336,18,18,0,15410,12596,998,5019,10518,8135,2110,35,24,4
LPL,RW,2021-03-07,31.783333333333335,Support,kaixuan,0,79,0,4,3,6134,27,0,0,0,5002,106,4582,3201,11706,7791,3268,50,4,18
LPL,OMG,2021-03-07,31.783333333333335,Top,New,1,266,2,0,6,13806,297,32,12,5,13512,13512,0,14841,22581,14189,7089,13,6,6
LPL,OMG,2021-03-07,31.783333333333335,Jungle,Aki,1,72,3,0,5,11350,193,160,101,13,2770,1223,833,8535,14360,11393,2966,8,24,7
LPL,OMG,2021-03-07,31.783333333333335,Mid,Wuming,1,142,3,0,3,12532,273,20,16,0,13701,1084,11766,2648,8491,4059,4316,15,5,6
LPL,OMG,2021-03-07,31.783333333333335,Bot,Eric,1,145,3,2,6,13966,314,43,35,4,15614,10700,3365,4758,13945,9201,4478,29,22,7
LPL,OMG,2021-03-07,31.783333333333335,Support,COLD,1,12,0,1,9,7141,33,0,0,0,3568,549,2494,5641,11135,5951,4497,49,10,18
LPL,RW,2021-03-07,35.1,Top,Ziv,0,56,1,5,6,11578,253,12,9,0,9046,8428,617,6490,19304,12948,5548,14,1,5
LPL,RW,2021-03-07,35.1,Jungle,Haro,0,120,1,6,7,10452,193,162,115,3,8847,5920,2587,17845,38312,23854,12881,10,14,8
LPL,RW,2021-03-07,35.1,Mid,Forge,0,517,7,3,5,14064,288,32,30,0,25122,451,24130,13637,28728,15309,12139,18,5,7
LPL,RW,2021-03-07,35.1,Bot,Betty,0,18,2,3,9,13987,342,28,21,0,20358,16542,1801,7863,17096,10796,5776,32,27,4
LPL,RW,2021-03-07,35.1,Support,kaixuan,0,79,3,4,10,8276,30,0,0,0,12242,935,10467,8322,20237,10145,8977,52,5,15
LPL,OMG,2021-03-07,35.1,Top,New,1,266,4,2,12,16121,280,32,28,0,22524,22272,172,16211,32402,15242,16071,11,9,7
LPL,OMG,2021-03-07,35.1,Jungle,Aki,1,72,3,3,12,12417,202,163,94,4,5941,2445,2787,7991,20715,12859,6820,14,24,15
LPL,OMG,2021-03-07,35.1,Mid,Wuming,1,3,7,1,11,15045,305,19,12,7,26320,640,25463,318,14594,8931,5520,20,2,8
LPL,OMG,2021-03-07,35.1,Bot,Eric,1,145,5,4,9,16388,341,50,42,0,23841,14648,6117,7516,21080,13601,7086,36,30,8
LPL,OMG,2021-03-07,35.1,Support,COLD,1,12,2,4,15,9097,31,0,0,0,8991,876,6893,10964,16398,7886,7436,47,6,15
