League,team,date,min,role,name,win,hero,kill,death,assist,gold,lasthit,neutralKilled,neutralKilledTJungle,neutralKilledEJungle,totalDamageToChamp,pDamageToChamp,mDamageDealtToChamp,totalHeal,totalDamageTaken,pDamageTaken,mDamageTaken,wardsPlaced,wardsKilled,visionWardsBought
LPL,TT,2021-03-07,27.883333333333333,Top,Chelizi,0,79,1,3,4,9440,216,16,9,0,12483,2158,10324,10786,24719,13039,8079,13,2,3
LPL,TT,2021-03-07,27.883333333333333,Jungle,Xiaopeng,0,120,2,4,3,9298,177,145,113,1,7854,5098,2052,14628,28722,16706,8495,9,13,10
LPL,TT,2021-03-07,27.883333333333333,Mid,Twila,0,61,1,2,2,10211,278,17,17,0,13509,1491,12017,1550,10003,6049,3356,13,5,4
LPL,TT,2021-03-07,27.883333333333333,Bot,SamD,0,145,0,1,3,10216,273,10,10,0,6759,3919,2226,3247,11865,8330,3153,11,9,4
LPL,TT,2021-03-07,27.883333333333333,Support,Teeen,0,3,1,3,2,5751,37,0,0,0,6446,0,5832,493,11853,8345,2427,38,7,13
LPL,BLG,2021-03-07,27.883333333333333,Top,Biubiu,1,164,3,1,6,11535,240,7,0,1,16680,10906,1342,8430,21795,11927,9405,9,4,6
LPL,BLG,2021-03-07,27.883333333333333,Jungle,Meteor,1,876,2,1,8,11711,233,213,150,7,9765,249,6660,12717,24579,17583,6846,7,7,5
LPL,BLG,2021-03-07,27.883333333333333,Mid,Zeka,1,517,3,0,8,12446,282,0,0,0,12637,39,12598,6835,16411,6787,9258,11,7,5
LPL,BLG,2021-03-07,27.883333333333333,Bot,Aiming,1,498,4,0,6,13135,302,12,9,0,16009,14913,0,1805,9307,4229,4952,12,13,4
LPL,BLG,2021-03-07,27.883333333333333,Support,Jwei,1,12,1,3,8,6966,28,0,0,0,2392,372,1219,4879,12026,4873,6325,39,5,13
LPL,TT,2021-03-07,30.333333333333332,Top,Chelizi,0,266,3,6,3,11634,226,4,1,0,11383,11383,0,10888,32271,18524,12805,13,3,4
LPL,TT,2021-03-07,30.333333333333332,Jungle,Xiaopeng,0,876,3,5,4,10154,199,141,98,13,17016,388,12846,10931,29722,18886,9145,7,12,7
LPL,TT,2021-03-07,30.333333333333332,Mid,Twila,0,56,1,4,6,9780,228,12,12,0,8039,7271,768,4906,22650,13575,7911,11,4,3
LPL,TT,2021-03-07,30.333333333333332,Bot,SamD,0,360,1,6,2,10621,257,36,29,0,11077,8952,1313,3271,19801,13167,5827,13,9,5
LPL,TT,2021-03-07,30.333333333333332,Support,Teeen,0,79,1,3,5,6517,39,0,0,0,8532,582,6934,5463,18199,11119,6267,57,14,18
LPL,BLG,2021-03-07,30.333333333333332,Top,Biubiu,1,126,5,3,11,13074,255,14,11,3,22612,18961,3651,3536,13969,7827,4610,14,3,5
LPL,BLG,2021-03-07,30.333333333333332,Jungle,Meteor,1,120,5,0,15,12504,187,153,95,6,20573,12794,6377,24819,39251,30167,7589,6,9,7
LPL,BLG,2021-03-07,30.333333333333332,Mid,Zeka,1,112,4,3,8,12741,274,24,20,4,20311,1013,19222,385,11763,7540,3120,18,7,7
LPL,BLG,2021-03-07,30.333333333333332,Bot,Aiming,1,145,10,1,6,16202,293,36,17,4,24488,16296,5186,5462,12577,8406,3639,27,11,3
LPL,BLG,2021-03-07,30.333333333333332,Support,Jwei,1,12,0,2,16,7604,29,0,0,0,5472,571,3968,10246,14129,7030,6148,51,5,22
